[0, -1372.1496742828274]
[1, -1460.009579146266]
[2, -1067.6690172259803]
[3, -1184.6949246117051]
[4, -1564.2067888343804]
[5, -1371.6482824413756]
[6, -1229.128793474392]
[7, -1540.7740918632844]
[8, -1386.4992411746723]
[9, -1737.4083275074947]
[10, -1722.2443349832336]
[11, -1220.228073441273]
[12, -1474.3719737375116]
[13, -1447.0344857950577]
[14, -1375.3559055918545]
[15, -1308.9084111709649]
[16, -1428.9145296036063]
[17, -1585.7108448723811]
[18, -1180.3197210789247]
[19, -1681.6678659351987]
[20, -1264.8833416862262]
[21, -1566.3856197998323]
[22, -1698.6811122556887]
[23, -1692.0813171813068]
[24, -1147.702523410515]
[25, -1531.969276763643]
[26, -1211.2065233410717]
[27, -1629.8692366378325]
[28, -1678.921087122289]
[29, -1253.6810355528728]
[30, -1332.3176198044937]
[31, -1210.6770977317706]
[32, -1455.462458158271]
[33, -1166.7966962309629]
[34, -1716.3389627500264]
[35, -1232.962251717138]
[36, -1705.8516371381493]
[37, -1392.8150453605076]
[38, -1812.8423783068697]
[39, -1245.8588979120123]
[40, -1368.4882311456665]
[41, -1737.8264325823227]
[42, -1280.3629470163398]
[43, -1300.00800251878]
[44, -1217.879999663102]
[45, -1345.612395044088]
[46, -1433.3883738381633]
[47, -1302.876513885669]
[48, -1121.74236029332]
[49, -1682.2091723475462]
[50, -1301.1662402809577]
[51, -1479.3198436601263]
[52, -1769.2419494573112]
[53, -1664.5964481518354]
[54, -1161.8751041448834]
[55, -1447.1026149616127]
[56, -1412.9868528641016]
[57, -1360.6621609299325]
[58, -1452.1082576161125]
[59, -1321.24021664336]
[60, -1573.383054858492]
[61, -1373.4608141666483]
[62, -1395.0789583771852]
[63, -1444.7593778105875]
[64, -1590.1018198612044]
[65, -1446.2276673377405]
[66, -1461.9253162549337]
[67, -1325.0521659232184]
[68, -1547.2322795473474]
[69, -1259.9697328361929]
[70, -1367.220649783816]
[71, -1378.842053550148]
[72, -1235.090992355375]
[73, -1299.0884501872588]
[74, -1656.6086765065018]
[75, -1574.2642647313148]
[76, -1430.751893478056]
[77, -1542.1760778679475]
[78, -1435.9465860195326]
[79, -1511.8724003296904]
[80, -1404.500564597875]
[81, -1374.9421899305823]
[82, -1590.071682475485]
[83, -1699.7281643096205]
[84, -1360.4332647561]
[85, -1474.9967840580152]
[86, -1626.5147864467192]
[87, -1405.6047100145963]
[88, -1355.750213288105]
[89, -1358.4786570176968]
[90, -1312.46996452894]
[91, -1484.7413488405878]
[92, -1606.8352069823222]
[93, -1699.2826758828874]
[94, -1319.3886415005395]
[95, -1478.9727636021305]
[96, -1678.638682308666]
[97, -1579.3854457052644]
[98, -1280.8150570574053]
[99, -1512.9194127141861]
[100, -1620.8665682670471]
[101, -1538.9261540555397]
[102, -1207.8869066495297]
[103, -1316.2448367106886]
[104, -1033.8050710483797]
[105, -1581.2832586077993]
[106, -1490.922354358978]
[107, -1480.3990079753335]
[108, -1310.8127865806257]
[109, -1407.9230775538254]
[110, -1250.0855277971964]
[111, -1445.6667570941122]
[112, -1348.0456663710222]
[113, -1428.2335421127632]
[114, -1456.9005712703063]
[115, -1200.9744179174572]
[116, -1614.2433784403288]
[117, -1560.7811133491778]
[118, -1683.8653233127588]
[119, -1290.8973258221065]
[120, -1475.125427549286]
[121, -1527.9671686607587]
[122, -1481.5025749811907]
[123, -1467.2473142110478]
[124, -1387.7819924668468]
[125, -1428.7923999828488]
[126, -1108.0431525131064]
[127, -1461.8592735696377]
[128, -1615.0982657127286]
[129, -1600.9535866838598]
[130, -1566.0183140231595]
[131, -1388.789844246228]
[132, -1552.2750819995445]
[133, -1457.8819274705995]
[134, -1598.2589774471833]
[135, -1648.3382565224294]
[136, -1340.1658667621912]
[137, -1519.4587889829668]
[138, -1537.651272208738]
[139, -1519.319776284422]
[140, -1576.4796138583881]
[141, -1594.8367228194954]
[142, -1401.6976072180664]
[143, -1509.1827544656499]
[144, -1310.5252708920477]
[145, -1594.1743416676718]
[146, -1544.8441945346046]
[147, -1466.3007512951826]
[148, -1014.4059885528723]
[149, -1425.5779217291554]
[150, -1503.5767185397026]
[151, -1455.2093648707007]
[152, -1609.2117553563228]
[153, -1299.1791045058558]
[154, -1597.3170197120937]
[155, -1614.1042488135367]
[156, -1546.6211354638679]
[157, -1429.2460158871866]
[158, -1173.5506155078558]
[159, -1478.4510100636924]
[160, -1501.3533771552047]
[161, -1388.7587409482767]
[162, -1304.050996061628]
[163, -1662.891330957695]
[164, -1440.1909000684332]
[165, -1390.3393287845379]
[166, -1254.9007233752895]
[167, -1570.549604608387]
[168, -1310.9939503777832]
[169, -1445.1877112105794]
[170, -1387.088982295812]
[171, -1255.3404867810714]
[172, -1354.1157438248413]
[173, -1325.1219635033374]
[174, -1640.031521797373]
[175, -1567.3739620288866]
[176, -1398.8148754284339]
[177, -1157.6048783320975]
[178, -1621.4906504088924]
[179, -1341.1714964793935]
[180, -1555.9561947393734]
[181, -1403.5492298599906]
[182, -1561.2431643911202]
[183, -1465.066683762102]
[184, -1359.4943121641488]
[185, -1398.5941862761342]
[186, -1544.4766975238406]
[187, -1507.7056585836917]
[188, -1554.673018144544]
[189, -1418.8109992880557]
[190, -1495.4876034266786]
[191, -1531.1571480310256]
[192, -1523.503213794748]
[193, -1287.058771388594]
[194, -1455.4480670569476]
[195, -1176.0268947971929]
[196, -1395.493783672769]
[197, -1647.2952545701087]
[198, -1620.4331788967581]
[199, -1415.0199194958514]
[200, -1323.0460008856328]
[201, -1655.4517858678744]
[202, -1547.4237896260047]
[203, -1403.2331472315786]
[204, -1228.342525930568]
[205, -1620.97089681271]
[206, -1405.242246294904]
[207, -1622.1712270167332]
[208, -1262.437903076115]
[209, -1597.0421988713192]
[210, -1283.4084114581058]
[211, -1526.8036120887998]
[212, -1618.0928714977306]
[213, -1411.756014783494]
[214, -1316.895518926468]
[215, -1551.2875337194039]
[216, -1570.9834777406497]
[217, -1508.518127203099]
[218, -1455.0031088972114]
[219, -1376.4121022154093]
[220, -1392.9959294922621]
[221, -1342.5931297883167]
[222, -1333.8060160748548]
[223, -1498.2941099449572]
[224, -1504.0539818164873]
[225, -1309.9140758735148]
[226, -1441.6306150418523]
[227, -1614.2045612165957]
[228, -1608.8495032728379]
[229, -1284.0410043412478]
[230, -1499.5405516160379]
[231, -1406.1173530277101]
[232, -1393.3870291451408]
[233, -1131.2663532838446]
[234, -1562.4794845493923]
[235, -1494.4446059065956]
[236, -1447.7655876877623]
[237, -843.1799806061123]
[238, -1459.1066803458252]
[239, -1003.362055696221]
[240, -1478.060851015071]
[241, -1446.9884255619327]
[242, -1348.1296058720718]
[243, -1600.9509564118707]
[244, -1527.5718048513909]
[245, -1343.7513412733883]
[246, -1266.6269130553972]
[247, -1407.6861492782757]
[248, -1343.554175239058]
[249, -1143.4151265808318]
[250, -1250.8885502674218]
[251, -764.9268647607547]
[252, -1374.222768028595]
[253, -1598.9842079384648]
[254, -1487.2495997821354]
[255, -1521.3918315238454]
[256, -1515.7673936403226]
[257, -1466.607982188499]
[258, -1301.9882210353303]
[259, -1576.7565647842823]
[260, -1575.8689174437154]
[261, -1373.6618041136567]
[262, -1568.023616895533]
[263, -1563.0504295361648]
[264, -1326.4738393137307]
[265, -1529.5333212451098]
[266, -1338.6860730468204]
[267, -1219.2495831384995]
[268, -1537.1855839673253]
[269, -1505.4872753773395]
[270, -1442.6771488759805]
[271, -1190.2357006474551]
[272, -1520.667610801787]
[273, -1434.2252238006179]
[274, -1281.5361411721349]
[275, -1391.3509814421257]
[276, -1447.285778228799]
[277, -1394.254126822138]
[278, -1533.660116226257]
[279, -803.7451076928097]
[280, -1538.657881384053]
[281, -1436.1174303393059]
[282, -1515.4141489521467]
[283, -1422.161469785929]
[284, -1503.566742221204]
[285, -1494.289561002629]
[286, -1487.2364996469469]
[287, -1405.4331817064501]
[288, -1536.0997154913705]
[289, -1588.3182038463447]
[290, -1501.612508423091]
[291, -1424.939925380922]
[292, -1476.3974728944918]
[293, -1510.2879892320757]
[294, -1294.635502042903]
[295, -1370.3149794007168]
[296, -1507.7403686170935]
[297, -1257.9044037478227]
[298, -1308.3518559892593]
[299, -1219.2580393103701]
[300, -1497.3802496829508]
[301, -1385.7798646797123]
[302, -1403.181293075182]
[303, -1346.7946522058937]
[304, -1433.9237977867017]
[305, -1455.0479827859406]
[306, -1524.5955668726187]
[307, -1464.7017734218446]
[308, -1463.7914066699689]
[309, -1524.9199227735892]
[310, -1479.7109657374315]
[311, -1392.3271696881654]
[312, -1522.9826497335098]
[313, -1320.7604024589757]
[314, -1384.5927844828468]
[315, -1496.884622879189]
[316, -1456.7375951460338]
[317, -1436.909224501088]
[318, -1453.0692488740294]
[319, -1456.466410814556]
[320, -1478.0598918745332]
[321, -1413.8850664521033]
[322, -1467.0259562147612]
[323, -1511.020166992903]
[324, -1296.0487741746067]
[325, -1430.5877962182667]
[0, -1003.2855556932507]
[1, -1463.1412019349257]
[2, -1106.2365867780763]
[3, -1479.143092022477]
[4, -1580.2116392582247]
[5, -1467.4273877259488]
[6, -641.9448802690464]
[7, -920.750829560355]
[8, -1166.6140222514457]
[9, -1544.7062886932015]
[10, -1738.1960062763633]
[11, -753.5501223652806]
[12, -1567.0519858696025]
[13, -1068.480857035189]
[14, -1033.5423140244357]
[15, -1171.3991760067045]
[16, -1226.9549954707377]
[17, -1206.4465283701495]
[18, -1169.0901147020024]
[19, -1895.2470439606273]
[20, -1769.830488678854]
[21, -1852.612889740907]
[22, -960.5609004177668]
[23, -862.8301286824706]
[24, -1643.8678715425137]
[25, -1863.7562416818666]
[26, -1349.8005932498975]
[27, -1821.7181606577108]
[28, -962.4832170669063]
[29, -1796.527379636616]
[30, -1333.50764400148]
[31, -949.2272667120013]
[32, -1836.2692806245557]
[33, -1778.4568373242303]
[34, -846.3916019471012]
[35, -1649.2189155095095]
[36, -859.1289576772101]
[37, -902.5446995871428]
[38, -1284.0004775616085]
[39, -1161.1234537947607]
[40, -1153.9269622184618]
[41, -1571.1273158217882]
[42, -867.543924512342]
[43, -1411.0961788805955]
[44, -1089.1228808870321]
[45, -1167.1312903801568]
[46, -1233.6172450228821]
[47, -1388.1096762949796]
[48, -924.9318405760777]
[49, -1580.766955902322]
[50, -1468.7595681927708]
[51, -1449.3813158261687]
[52, -864.3822212346952]
[53, -1170.9299118143879]
[54, -1722.7726709679564]
[55, -853.9055940590948]
[56, -1406.396760638843]
[57, -1683.0584258549575]
[58, -878.5050389134782]
[59, -1287.780185429813]
[60, -861.9185822151792]
[61, -1560.9536668323062]
[62, -1213.8132676900277]
[63, -1536.5717645570837]
[64, -1536.6239258498504]
[65, -1161.1428025277617]
[66, -906.4300548018255]
[67, -1431.4502118255111]
[68, -1578.5654668236386]
[69, -1542.9189271819791]
[70, -1353.560874922971]
[71, -870.926027392252]
[72, -1392.101356618458]
[73, -1063.3884797269366]
[74, -944.4451779082681]
[75, -750.8770680571641]
[76, -1452.537508687886]
[77, -1269.4698660930183]
[78, -774.5008435031345]
[79, -1836.7438022634333]
[80, -1340.0610869983898]
[81, -1293.7534166316268]
[82, -1320.7705820315455]
[83, -960.8418521556711]
[84, -1563.5386703969996]
[85, -798.1090835324476]
[86, -1749.6739974851268]
[87, -1038.5101510359223]
[88, -1175.1776683367468]
[89, -1329.8676048533605]
[90, -972.922658776715]
[91, -1166.6726021914621]
[92, -910.1824393985794]
[93, -944.53181460032]
[94, -1318.721162320381]
[95, -873.2796519977827]
[96, -1008.0101446971883]
[97, -1171.1823550049098]
[98, -1814.3507134191907]
[99, -1167.8301658862422]
[100, -856.5608292637465]
[101, -1300.1554819325306]
[102, -1274.6748143600191]
[103, -969.9599828019254]
[104, -1271.061960125459]
[105, -896.4715205455894]
[106, -1601.983781130054]
[107, -974.0478498091641]
[108, -1645.6945767261166]
[109, -897.2895628424163]
[110, -1174.1281232399524]
[111, -998.1382986363478]
[112, -983.9223763050248]
[113, -830.4493121006101]
[114, -864.0612758972117]
[115, -1178.2887141776248]
[116, -1070.7971075010287]
[117, -1839.438952405262]
[118, -1088.540487229227]
[119, -1059.1008177468811]
[120, -834.3806716538435]
[121, -1030.3598693025142]
[122, -993.6535391081735]
[123, -763.0790002240873]
[124, -1341.4260337558264]
[125, -1756.7746480754008]
[126, -1564.7737622174288]
[127, -1329.5211003480654]
[128, -843.4104764153151]
[129, -1238.9039554876078]
[130, -887.9975660714579]
[131, -1467.4606424761057]
[132, -1196.0875272830235]
[133, -1071.85985027693]
[134, -1455.3916299878035]
[135, -907.0930460026354]
[136, -1063.0504114640667]
[137, -1020.9824404807202]
[138, -981.4808189428173]
[139, -1022.2011845992616]
[140, -1669.9570113924087]
[141, -1071.7211522115372]
[142, -1282.2637931867578]
[143, -1444.4655998520525]
[144, -1542.7010124527342]
[145, -958.2537380410647]
[146, -862.7162740887277]
[147, -1601.5975878393638]
[148, -1119.7751222955274]
[149, -1821.469511687263]
[150, -1356.691488784737]
[151, -1580.4707127037077]
[152, -774.7474590973018]
[153, -910.1392290062299]
[154, -998.3086165186885]
[155, -1795.3395547236846]
[156, -1193.920345154915]
[157, -870.610749814442]
[158, -1720.4123225975038]
[159, -839.2361102013037]
[160, -882.9370488948636]
[161, -1075.536015238505]
[162, -766.7471493709328]
[163, -1515.042429263433]
[164, -921.4948219957286]
[165, -1067.4188816228893]
[166, -1385.460109017999]
[167, -901.2640551465244]
[168, -1075.8134988070676]
[169, -1292.7944870659353]
[170, -891.5088060000264]
[171, -1048.5096973209804]
[172, -1393.421858446629]
[173, -1388.9642421190422]
[174, -924.0476700928245]
[175, -1091.9415898938466]
[176, -1186.123512059823]
[177, -1581.4454150712359]
[178, -1393.4656582758817]
[179, -1177.4740708820784]
[180, -1572.8704788083085]
[181, -749.1060176070906]
[182, -903.8440175243793]
[183, -1027.9032305237347]
[184, -965.660857268868]
[185, -1605.6662156857694]
[186, -910.7879405348009]
[187, -767.3647364859278]
[188, -626.896340735814]
[189, -1519.2353719680946]
[190, -1241.573783132751]
[191, -1466.9474637610847]
[192, -1452.6302923520789]
[193, -1209.6726141327226]
[194, -997.1093812572824]
[195, -1313.9819709522003]
[196, -941.9723557535958]
[197, -959.6577242279911]
[198, -989.8247609550667]
[199, -1075.6673546166496]
[200, -1089.138638948512]
[201, -1011.8891340486547]
[202, -1010.0215333732638]
[203, -1320.8727248237626]
[204, -987.8529193667096]
[205, -889.9560485139175]
[206, -1168.117842792057]
[207, -889.1014811166597]
[208, -1104.9547755186147]
[209, -1112.09424009079]
[210, -846.8291744388619]
[211, -999.0932749931916]
[212, -1235.6720408182368]
[213, -915.1397916071998]
[214, -1175.7236750977884]
[215, -842.3259636825293]
[216, -1026.5073685349673]
[217, -1020.0825062631594]
[218, -895.2343780548086]
[219, -909.2740274382321]
[220, -1072.2444043238165]
[221, -1114.916177976032]
[222, -1079.7617766706906]
[223, -986.95164271545]
[224, -1008.7790084531428]
[225, -1104.7489889163935]
[226, -1134.0819325036102]
[227, -1024.9057401226885]
[228, -1000.7367160207538]
[229, -978.7338541924682]
[230, -960.5515101239424]
[231, -1137.8866023578757]
[232, -975.7496447656869]
[233, -984.6144885589258]
[234, -1066.9259887078028]
[235, -1015.7677975607594]
[236, -1302.5796344785952]
[237, -972.4494671598939]
[238, -901.7980827968837]
[239, -1238.3412626812815]
[240, -1134.6541198730724]
[241, -1011.2432895326345]
[242, -1109.948819876384]
[243, -1006.7925012831677]
[244, -1109.6816768950473]
[245, -901.2613819714179]
[246, -1133.5591272764477]
[247, -897.4615157463099]
[248, -1199.3200539066092]
[249, -1032.2351928430685]
[250, -1019.5014088028546]
[251, -1105.0338656133663]
[252, -960.8454602994176]
[253, -1012.8557093804146]
[254, -1103.7232038092056]
[255, -1115.7227813801583]
[256, -1088.750274493405]
[257, -927.3759270068956]
[258, -1096.4316888741873]
[259, -1008.4118291496569]
[260, -1109.9236124697265]
[261, -1032.5434017883006]
[262, -1067.1729927351146]
[263, -1048.8144835833114]
[264, -1032.242521617743]
[265, -1009.6500399035738]
[266, -1043.8955083543012]
[267, -890.6827045004729]
[268, -1012.5558449375799]
[269, -1095.31629122485]
[270, -1109.9889274554478]
[271, -1107.152602216482]
[272, -1191.5690890508642]
[273, -1197.8656153981512]
[274, -1094.392753477472]
[275, -1052.1350603972924]
[276, -1177.5493217209944]
[277, -1114.0451168717077]
[278, -984.5657291258517]
[279, -1142.1384995378714]
[280, -887.6476007702722]
[281, -1126.3099095683078]
[282, -1026.1780498209114]
[283, -996.6746335240078]
[284, -1000.889301573333]
[285, -1133.5980623390822]
[286, -887.9637739214068]
[287, -1113.1404568388493]
[288, -893.1337790604409]
[289, -1003.6977590719413]
[290, -985.3431832923247]
[291, -1007.9858507887476]
[292, -1226.6240310514618]
[293, -1037.121135490909]
[294, -892.7016896211808]
[295, -1032.5465201512768]
[296, -1037.1352620795974]
[297, -1111.3931874719135]
[298, -1117.5865613374342]
[299, -1188.6129624304544]
[300, -987.8107999862013]
[301, -918.0145017380321]
[302, -867.938121949443]
[303, -905.5484962480901]
[304, -892.629181044335]
[305, -1039.913653884676]
[306, -823.0287320380767]
[307, -1132.4426556943754]
[308, -1075.411732359333]
[309, -972.2277767739021]
[310, -1130.3026913611684]
[311, -1085.3276325947418]
[312, -1141.5656052176294]
[313, -967.4342229089364]
[314, -1101.8108595106823]
[315, -1017.3407016729828]
[316, -890.2619127142319]
[317, -887.8186841637881]
[318, -1040.0427369665535]
[319, -1021.9578976314883]
[320, -866.1495643416794]
[321, -981.639827362899]
[322, -965.2160902824675]
[323, -1100.1778206953902]
[324, -1083.1764427659907]
[325, -896.6865901481467]
[326, -1201.0910443989917]
[327, -1093.0111676372283]
[328, -1116.2210279725666]
[329, -942.0727943231199]
[330, -1048.2241371006394]
[331, -1088.3198572728197]
[332, -1134.8177017665316]
[333, -759.5869247974193]
[334, -909.010123572122]
[335, -823.3331600440408]
[336, -1121.3529204019978]
[337, -1038.8443177394572]
[338, -883.8778808182095]
[339, -1116.9694478393642]
[340, -1084.8654803906975]
[341, -1029.5896123636792]
[342, -873.093047758531]
[343, -1090.2067502770594]
[344, -1080.4176266004274]
[345, -1028.4142023150969]
[346, -974.7457623370485]
[347, -1092.3229020198232]
[348, -976.8354102095336]
[349, -1085.4377802936783]
[350, -1097.5056324233487]
[351, -861.4863001214434]
[352, -1035.6445355171002]
[353, -1021.1379465981033]
[354, -1268.4003096657646]
[355, -1167.4530342931491]
[356, -1080.0263174390484]
[357, -1210.352238214753]
[358, -1016.8053945781071]
[359, -1199.200281592964]
[360, -1164.8522171184713]
[361, -1119.7762457389874]
[362, -1099.6526292419542]
[363, -994.873267599056]
[364, -975.0996036173424]
[365, -1133.3709377297248]
[366, -1255.6906733813153]
[367, -1217.358191704531]
[368, -856.0395438444222]
[369, -1058.1034574672083]
[370, -1026.1900500064485]
[371, -1130.9638578958304]
[372, -1245.369616868715]
[373, -1061.6169601687902]
[374, -976.765132397364]
[375, -1090.6848435999818]
[376, -1224.90529968227]
[377, -1140.7725526277325]
[378, -756.1110262246375]
[379, -1149.9854007545152]
[380, -885.8315697232933]
[381, -1177.5512541655735]
[382, -1147.8274390632446]
[383, -1177.9612300355673]
[384, -1127.6524639556087]
[385, -863.5418959168348]
[386, -1201.171237677153]
[387, -1224.042943800251]
[388, -1078.5181161812611]
[389, -1178.0887833187262]
[390, -881.9563292262142]
[391, -1005.0650084832675]
[392, -866.579565693136]
[393, -826.8960122432777]
[394, -1195.458962815075]
[395, -1189.2945041156574]
[396, -871.2246417051375]
[397, -1050.5617687930248]
[398, -1166.9819486276908]
[399, -858.3296589518894]
[400, -1156.4613176917783]
[401, -1190.763978267295]
[402, -1141.403047270318]
[403, -1222.7535968967509]
[404, -1378.795004676592]
[405, -1151.3726820936572]
[406, -1174.443726885563]
[407, -1143.838902171497]
[408, -888.6647725437791]
[409, -1161.68256855456]
[410, -857.123651458039]
[411, -1140.4428561785417]
[412, -1005.3590084139558]
[413, -882.8563364994192]
[414, -1156.8692711922215]
[415, -1166.5011517130613]
[416, -847.4982689983619]
[417, -1128.459633345584]
[418, -1073.0419797068603]
[419, -1131.0472067910548]
[420, -757.7396513671384]
[421, -870.7048296623364]
[422, -753.6767836883836]
[423, -1180.5737085503579]
[424, -883.3974168114493]
[425, -1300.534364185624]
[426, -1148.2313174246576]
[427, -1159.8658744586025]
[428, -1168.3048056175985]
[429, -1203.2623521613734]
[430, -1020.1058728945435]
[431, -1111.44507610647]
[432, -1142.6597070744178]
[433, -1126.4554067215206]
[434, -1126.1623825410702]
[435, -909.4918165070557]
[436, -765.0254066661317]
[437, -865.4099471834782]
[438, -1136.1903917570676]
[439, -1171.3889880883034]
[440, -857.591563241258]
[441, -1103.811543256701]
[442, -915.6224753981969]
[443, -1020.4818979589763]
[444, -1162.7250669410598]
[445, -906.1459369767696]
[446, -1121.841047044069]
[447, -892.0542075101231]
[448, -1034.9412653602476]
[449, -1115.055176554173]
[450, -1123.2558070097764]
[451, -1129.0157993673035]
[452, -1108.9546053334611]
[453, -771.3919991881442]
[454, -1021.0736539048115]
[455, -1126.7534976262452]
[456, -1021.5931412510175]
[457, -1106.8757070436911]
[458, -1167.5914299456786]
[459, -744.2761883357688]
[460, -1054.1019305241634]
[461, -1110.7360981155894]
[462, -854.8019592424957]
[463, -1102.5598295716431]
[464, -1064.668214750733]
[465, -1033.9382517976605]
[466, -1134.1684688801033]
[467, -1046.8082216816647]
[468, -878.21660486627]
[469, -889.0242993380906]
[470, -1141.8246072939846]
[471, -1045.3199234559222]
[472, -755.4418003859621]
[473, -798.5876687343326]
[474, -1073.993502422555]
[475, -1092.5754519492118]
[476, -1080.9438662534312]
[477, -1120.5967614337558]
[478, -1102.858743822151]
[479, -1097.8539325732697]
[480, -1032.5824387734272]
[481, -889.8147450461611]
[482, -1130.2764485032844]
[483, -1032.2036491093875]
[484, -1157.5792883257034]
[485, -1133.8219538098176]
[486, -1150.911877962615]
[487, -755.7984765218207]
[488, -1009.8699237557545]
[489, -887.2722710090784]
[490, -1083.0314304964616]
[491, -1172.9868918013578]
[492, -971.7266315772354]
[493, -982.1684533611156]
[494, -1031.2806528714932]
[495, -898.5813920785995]
[496, -1112.9687876733478]
[497, -974.704139321636]
[498, -1141.3084372851295]
[499, -1231.458612055827]
[500, -1107.943851495715]
[501, -1055.8749995706537]
[502, -971.9958874876294]
[503, -1119.8277952997419]
[504, -975.0922517566528]
[505, -1082.2870784862791]
[506, -1110.6840769022358]
[507, -869.9140479166576]
[508, -871.4676294230339]
[509, -981.9309144412609]
[510, -1014.8679122209608]
[511, -998.4795673373341]
[512, -959.1128964579106]
[513, -1119.0339741380126]
[514, -1011.9290693547816]
[515, -1104.4672265989961]
[516, -1119.1586324883233]
[517, -932.976138598611]
[518, -909.0051210933727]
[519, -1140.8801721552734]
[520, -1077.2038214705215]
[521, -1050.4129544247767]
[522, -985.0998341929026]
[523, -1017.5963126229634]
[524, -1100.6201203110938]
[525, -1131.8866100791595]
[526, -1129.336918526694]
[527, -826.512452339452]
[528, -1065.0468882876917]
[529, -1023.3646377088368]
[530, -1022.8145048110804]
[531, -1031.4530962686304]
[532, -1031.576139387189]
[533, -987.9179472869071]
[534, -1020.8257881602366]
[535, -1070.7305339636303]
[536, -963.4115554890057]
[537, -1070.7253993902627]
[538, -1124.2053840460367]
[539, -1056.822012555532]
[540, -1096.0557966806505]
[541, -819.1173333891808]
[542, -1121.7753267058038]
[543, -962.4210738790456]
[544, -1044.0954605639843]
[545, -1131.2151105812013]
[546, -1229.5739697251333]
[547, -1110.3721695092233]
[548, -1028.252485294482]
[549, -769.7515575537694]
[550, -1136.4581615235422]
[551, -1131.6049211118561]
[552, -1112.107459334316]
[553, -1039.4172792834395]
[554, -977.6248899297556]
[555, -1031.3262875596931]
[556, -997.2826371536402]
[557, -1033.919127990878]
[558, -844.036014847563]
[559, -921.7925923718572]
[560, -1015.6321819259283]
[561, -904.1450859243619]
[562, -865.2024986574361]
[563, -1430.4385166444217]
[564, -1100.0904742810965]
[565, -972.5291756808109]
[566, -1029.3710787967582]
[567, -1154.6570062147948]
[568, -955.3647404361407]
[569, -1097.2305984268005]
[570, -802.9763574787423]
[571, -896.3562411092278]
[572, -1018.494602502838]
[573, -1029.0072365909566]
[574, -988.679111465374]
[575, -984.717380131745]
[576, -771.9376860253927]
[577, -965.305826628946]
[578, -750.3157753049248]
[579, -997.8028110160484]
[580, -1068.1012201734343]
[581, -900.365556999446]
[582, -984.7514344526116]
[583, -897.2008074319916]
[584, -750.8524959145133]
[585, -978.8851398802865]
[586, -1006.672766768178]
[587, -1082.8803825302075]
[588, -1007.1805408859684]
[589, -1008.1749569869817]
[590, -1109.417286702009]
[591, -1005.2071091556664]
[592, -754.6595813809255]
[593, -850.577616760009]
[594, -1000.0977908666932]
[595, -1002.2087969927555]
[596, -1014.9688547893186]
[597, -1089.6286689358071]
[598, -863.1100320851375]
[599, -942.1062560336372]
[600, -865.0754137823889]
[601, -929.9907720021192]
[602, -865.1696624514426]
[603, -898.4375056976602]
[604, -1016.3069698204581]
[605, -1015.3723354734758]
[606, -886.99952845668]
[607, -1008.5077692734806]
[608, -1067.1892180635775]
[609, -919.4026614387394]
[610, -942.4633433682579]
[611, -996.2439673577736]
[612, -993.6352083436791]
[613, -974.8402649893278]
[614, -1117.2184794330637]
[615, -869.4142405702537]
[616, -1179.1162018256496]
[617, -866.8717251110165]
[618, -721.9294527742246]
[619, -979.0481989223708]
[620, -876.1940863435913]
[621, -1002.3167620594453]
[622, -880.1605906518918]
[623, -753.3192965099224]
[624, -970.4475656528491]
[625, -870.5511282645591]
[626, -1196.8174672228308]
[627, -989.9633445187967]
[628, -882.9708366374231]
[629, -988.6204960673904]
[630, -904.1785693762853]
[631, -884.8429928718334]
[632, -869.0064068207843]
[633, -992.0585790554745]
[634, -870.0660142726649]
[635, -1072.3873697816862]
[636, -929.1998770455617]
[637, -866.1377454675013]
[638, -1092.263374352192]
[639, -885.6178449071233]
[640, -865.5204679003746]
[641, -859.4314971736522]
[642, -865.4088718639338]
[643, -971.994984097488]
[644, -1069.0682180490764]
[645, -761.7487881499435]
[646, -845.5619266446876]
[647, -871.675292544677]
[648, -738.8616358767267]
[649, -877.1091187461506]
[650, -862.7558263978221]
[651, -835.093945488913]
[652, -851.6621360049713]
[653, -839.126217843348]
[654, -876.1903121146746]
[655, -1090.585570419329]
[656, -982.6454442990025]
[657, -879.6121206180314]
[658, -872.0551476014363]
[659, -755.343044125615]
[660, -985.1247946868327]
[661, -867.3459220267393]
[662, -756.1471436083385]
[663, -882.4195454594819]
[664, -865.1774604097363]
[665, -757.0425802261002]
[666, -785.8654127473959]
[667, -864.1406888554537]
[668, -961.5524771435628]
[669, -861.2153289375137]
[670, -849.0234115509114]
[671, -863.1310280204889]
[672, -754.6225022154207]
[673, -1009.899673950419]
[674, -1004.0654493630353]
[675, -972.4542210660275]
[676, -855.0681748628857]
[677, -746.5291988894465]
[678, -850.191435345326]
[679, -752.26112614738]
[680, -845.9290063396104]
[681, -846.3881830003204]
[682, -933.7804356744934]
[683, -772.6365214780823]
[684, -765.4849442492447]
[685, -755.8435526745604]
[686, -973.8073863315723]
[687, -843.9980213716694]
[688, -657.0041157212531]
[689, -636.0516194549854]
[690, -739.7984981094405]
[691, -963.0780261503353]
[692, -960.8765007243449]
[693, -815.6999835928394]
[694, -989.4216369689548]
[695, -740.4600019103252]
[696, -855.5334819298604]
[697, -856.0982381177206]
[698, -1039.1423966687448]
[699, -983.6857825377647]
[700, -960.6900684432362]
[701, -755.4505823914196]
[702, -852.718671284716]
[703, -632.5241180497924]
[704, -757.1621725542385]
[705, -919.7901624476738]
[706, -968.5183216891984]
[707, -972.1748491150406]
[708, -873.1372321862839]
[709, -943.6509010715625]
[710, -854.7865062585213]
[711, -725.8119038175345]
[712, -735.8569437996439]
[713, -843.3671458093071]
[714, -1041.8645892978795]
[715, -758.3709021025132]
[716, -1023.0562187747059]
[717, -748.2114913070689]
[718, -844.0199946443025]
[719, -968.7951737965666]
[720, -756.2697658408608]
[721, -744.684935171048]
[722, -969.4117962280891]
[723, -863.8258727119706]
[724, -748.2198242051328]
[725, -839.9156730924205]
[726, -856.9453968118111]
[727, -846.8302613315049]
[728, -773.3609573738254]
[729, -752.3667448613637]
[730, -1038.7984422612658]
[731, -743.2312011406844]
[732, -980.3018354383009]
[733, -740.2514860283042]
[734, -746.4503211614802]
[735, -849.7364307720487]
[736, -858.3936586412711]
[737, -979.710496299019]
[738, -1026.0805593034333]
[739, -871.8903057358121]
[740, -873.3362478998481]
[741, -958.379106375376]
[742, -996.2947108396708]
[743, -857.7403839982901]
[744, -761.3968891401248]
[745, -965.6484515289335]
[746, -969.9314310847412]
[747, -853.8645069735187]
[748, -987.4883706700399]
[749, -844.8023175042406]
[750, -848.4035451476738]
[751, -865.7780200714037]
[752, -745.0632696010613]
[753, -950.7267121745464]
[754, -846.3241592399529]
[755, -945.2314646886605]
[756, -960.0329931407646]
[757, -945.7401292427962]
[758, -860.2904131189584]
[759, -976.1030310464627]
[760, -852.9392345640731]
[761, -899.5011905775746]
[762, -637.0939237775546]
[763, -626.8670760304451]
[764, -850.5147915120466]
[765, -989.9914512782516]
[766, -863.483887345757]
[767, -746.4998158107386]
[768, -844.641533525749]
[769, -832.7065774335438]
[770, -983.1244251823119]
[771, -834.2152734441506]
[772, -844.1697999958765]
[773, -736.0064135203329]
[774, -752.0530075785772]
[775, -752.7084530389312]
[776, -740.0804108960269]
[777, -627.3764432222741]
[778, -959.6868379753561]
[779, -923.7528283438558]
[780, -854.0076804711131]
[781, -745.4904646361474]
[782, -1066.6571553793813]
[783, -752.1831886572376]
[784, -750.5434452241637]
[785, -853.7122203856628]
[786, -692.1571309899667]
[787, -741.3458442422861]
[788, -744.6598325970854]
[789, -710.2527923827244]
[790, -984.0154183899216]
[791, -858.6596621321921]
[792, -956.8629242342342]
[793, -852.8134512581938]
[794, -959.6479717965382]
[795, -1002.1541739840237]
[796, -749.1468589911927]
[797, -634.598416086545]
[798, -856.6779392666361]
[799, -970.6188512015626]
[800, -850.862566079792]
[801, -745.9767544970412]
[802, -850.9310919744315]
[803, -630.2546131017917]
[804, -971.1395771628551]
[805, -862.9158241572807]
[806, -795.7171972087965]
[807, -738.738568957791]
[808, -850.9577690913549]
[809, -844.6711573895153]
[810, -752.4340994938077]
[811, -981.5374771102743]
[812, -742.072049745462]
[813, -730.3092181314344]
[814, -846.8039259173429]
[815, -817.9739411789492]
[816, -799.7775365673308]
[817, -919.0412895159157]
[818, -758.7860480432357]
[819, -737.2976055199243]
[820, -711.6035937816775]
[821, -614.7414819125717]
[822, -851.7999085245315]
[823, -748.3249685825893]
[824, -766.2139576615015]
[825, -964.9964791150592]
[826, -905.7819546176731]
[827, -848.7348579190045]
[828, -844.2668848410428]
[829, -744.6052686647778]
[830, -1000.846970836513]
[831, -854.6196843850254]
[832, -695.0841265995017]
[833, -847.9750110860429]
[834, -759.7303884823779]
[835, -900.1320466689391]
[836, -735.7710820316946]
[837, -858.1697419732238]
[838, -1049.370749494809]
[839, -850.6780562078346]
[840, -852.1576433780514]
[841, -775.7736241141426]
[842, -860.5065763916062]
[843, -987.0920070001254]
[844, -862.0505749544877]
[845, -972.5121180773351]
[846, -783.4294297298089]
[847, -910.4213395317418]
[848, -748.2264638728611]
[849, -854.0209941482017]
[850, -872.28648245501]
[851, -905.6104115469609]
[852, -962.1501035409592]
[853, -863.3340934140699]
[854, -751.5033013424082]
[855, -750.2361849180178]
[856, -873.7082344376666]
[857, -865.6293573026674]
[858, -743.1064154463695]
[859, -967.9519031340897]
[860, -861.1503357557532]
[861, -852.8058231408965]
[862, -857.3630010129781]
[863, -752.2190477278509]
[864, -742.6952425495898]
[865, -866.9439352678119]
[866, -738.3044823050835]
[867, -979.2041121276103]
[868, -739.2514227734006]
[869, -952.2137107196594]
[870, -738.8730739638906]
[871, -970.268115390848]
[872, -860.2817879800897]
[873, -868.2647667860343]
[874, -889.1875971632941]
[875, -848.0433577761804]
[876, -866.9289523778583]
[877, -871.5806566218462]
[878, -751.9826475227244]
[879, -754.8494889017576]
[880, -841.2436868557927]
[881, -868.7752051577173]
[882, -859.9815753194581]
[883, -813.6774117672467]
[884, -861.99810254837]
[885, -1017.5205175980705]
[886, -1073.364772814288]
[887, -724.2154023631281]
[888, -752.6381589398862]
[889, -864.7756846407545]
[890, -749.4738586654033]
[891, -844.7718499534235]
[892, -751.9467327493735]
[893, -945.2630985101158]
[894, -854.4281782911797]
[895, -965.9580733808265]
[896, -743.1669038268717]
[897, -853.1401845175664]
[898, -710.7221598067417]
[899, -749.0239540924039]
[900, -874.8614773740502]
[901, -756.8165117851804]
[902, -752.9459405853709]
[903, -964.8967896081323]
[904, -757.5001790220176]
[905, -746.6895304726198]
[906, -865.8678517549025]
[907, -755.3131659934742]
[908, -829.9691584395438]
[909, -739.143329250905]
[910, -876.6055965821495]
[911, -752.285017817816]
[912, -975.0419410321692]
[913, -753.2480378084302]
[914, -864.7173620085455]
[915, -845.8175474028876]
[916, -747.3938233139265]
[917, -879.681250501531]
[918, -1068.6033713694278]
[919, -755.4298920639387]
[920, -863.1795135174036]
[921, -852.3692584573972]
[922, -860.6415748523145]
[923, -977.9598016199326]
[924, -859.0811224473138]
[925, -862.1503185357582]
[926, -873.2486447493642]
[927, -751.8291117896924]
[928, -787.890355120899]
[929, -756.8422886830386]
[930, -774.0970253203644]
[931, -760.3231869741858]
[932, -747.7754493708538]
[933, -719.9011435122372]
[934, -670.528331596516]
[935, -757.0373805966278]
[936, -875.9378198898438]
[937, -865.1248954463535]
[938, -951.717323145202]
[939, -958.6701308132743]
[940, -900.6179090437575]
[941, -850.6454729022092]
[942, -744.0048833963891]
[943, -627.6389441894119]
[944, -868.2344421977874]
[945, -627.7098838926657]
[946, -781.4245722042152]
[947, -870.488308119717]
[948, -959.4969010833303]
[949, -860.0582227440242]
[950, -754.7057927381994]
[951, -874.1172189417732]
[952, -743.0030412882608]
[953, -978.7923153387579]
[954, -863.2270494778109]
[955, -958.628691825938]
[956, -747.3986875333276]
[957, -685.4413510735224]
[958, -743.0556319450321]
[959, -756.8036882305973]
[960, -851.6194992632635]
[961, -750.3345074138005]
[962, -747.5362324389639]
[963, -856.1126348559118]
[964, -658.5741561413196]
[965, -751.7414562228095]
[966, -628.1107219447174]
[967, -790.1145660666596]
[968, -993.1887305103572]
[969, -959.4368800738526]
[970, -752.2547363541624]
[971, -853.4204147799676]
[972, -974.8265599627542]
[973, -853.3861107237873]
[974, -962.857352411156]
[975, -920.3351180037555]
[976, -849.5287534756694]
[977, -774.0181339359666]
[978, -739.6398589616776]
[979, -858.341869658297]
[980, -749.1535804535704]
[981, -866.0137152521999]
[982, -877.4076296569]
[983, -744.3267777098004]
[984, -759.4494353730817]
[985, -854.2411752986894]
[986, -749.7635091514118]
[987, -982.2129841353532]
[988, -761.4639875357121]
[989, -755.6668215784223]
[990, -755.4615833548819]
[991, -851.0582439624176]
[992, -750.8223049767198]
[993, -969.2987323703228]
[994, -749.3256435256563]
[995, -745.0581979205606]
[996, -853.1350875421862]
[997, -738.4155836824602]
[998, -898.2830695003584]
[999, -1146.8597250931366]
[1000, -752.3180764815064]
[1001, -868.274023677746]
[1002, -856.5110995751332]
[1003, -996.0377616452066]
[1004, -870.0346606833896]
[1005, -966.1196384110026]
[1006, -986.4634039579902]
[1007, -863.6362953680324]
[1008, -1092.4603439189361]
[1009, -806.3392807016473]
[1010, -998.5008507531924]
[1011, -861.8840898918958]
[1012, -992.4002787497972]
[1013, -858.9207751755542]
[1014, -863.6504874816342]
[1015, -1046.9730045809501]
[1016, -875.15323699587]
[1017, -871.1891525056407]
[1018, -800.932122373776]
[1019, -870.4732931847133]
[1020, -746.4789621434189]
[1021, -1056.546131984881]
[1022, -773.6092855059117]
[1023, -1042.2677147324337]
[1024, -763.0310206953279]
[1025, -864.2283027296071]
[1026, -814.4010853778555]
[1027, -870.1738935977314]
[1028, -872.0296337571281]
[1029, -895.5762572955795]
[1030, -961.6341212371078]
[1031, -929.466378374763]
[1032, -865.3148367926145]
[1033, -883.7068771548518]
[1034, -978.8331227169213]
[1035, -868.6939291282544]
[1036, -989.193459939198]
[1037, -955.990614324031]
[1038, -862.2081594067632]
[1039, -862.966104663792]
[1040, -862.4894190062513]
[1041, -750.9905211492891]
[1042, -763.3780948341242]
[1043, -817.2922713345577]
[1044, -978.8525647022548]
[1045, -868.1905286684106]
[1046, -961.0289668431647]
[1047, -749.2939015690398]
[1048, -745.4054231777476]
[1049, -976.5449749182022]
[1050, -770.2492923962344]
[1051, -993.8567290281031]
[1052, -1014.1942341346858]
[1053, -868.7062240610459]
[1054, -919.9127668782002]
[1055, -793.3652927557102]
[1056, -858.812405160819]
[1057, -749.8084841548349]
[1058, -964.804236340283]
[1059, -991.9194153987625]
[1060, -854.8381679225324]
[1061, -1017.4104760626071]
[1062, -735.0419226868629]
[1063, -754.6956503023831]
[1064, -747.6389808664588]
[1065, -824.3441407772879]
[1066, -951.9217255559045]
[1067, -638.0701906577751]
[1068, -941.9005866734176]
[1069, -863.4610809456708]
[1070, -639.8647836572447]
[1071, -755.6503586370118]
[1072, -905.4989807057146]
[1073, -877.4365547712075]
[1074, -845.3361513184542]
[1075, -859.0954399369507]
[1076, -749.6175065145427]
[1077, -742.5875298225843]
[1078, -750.8493984238326]
[1079, -719.4604300086115]
[1080, -865.938230478965]
[1081, -962.7175035683147]
[1082, -747.0804407431448]
[1083, -966.8684794093156]
[1084, -742.1783030504135]
[1085, -738.3497513361541]
[1086, -972.4641112892539]
[1087, -960.7271258262489]
[1088, -967.5509153677136]
[1089, -756.7861545064987]
[1090, -849.0618586963789]
[1091, -718.378601127152]
[1092, -854.8007166715427]
[1093, -859.6445549885091]
[1094, -1058.0827997600259]
[1095, -848.2947613650615]
[1096, -754.5045034265917]
[1097, -767.752319262566]
[1098, -838.2256792469107]
[1099, -1033.166203200776]
[1100, -864.7830601628774]
[1101, -962.9852033701993]
[1102, -850.7191240040087]
[1103, -742.4200541021892]
[1104, -748.9659701266609]
[1105, -852.7816899945947]
[1106, -739.6349221510043]
[1107, -856.7042204954797]
[1108, -854.9509878695168]
[1109, -857.0442260199602]
[1110, -753.729471430323]
[1111, -846.2096807463852]
[1112, -842.8126680118037]
[1113, -845.5438817243662]
[1114, -782.8161492529297]
[1115, -867.1402647885877]
[1116, -753.8826825621206]
[1117, -775.3035889874047]
[1118, -849.2806698209979]
[1119, -744.7145356499368]
[1120, -839.8910855392853]
[1121, -978.2964541689762]
[1122, -742.2583810787354]
[1123, -748.758952984917]
[1124, -756.3558274927399]
[1125, -857.1279351404248]
[1126, -865.4181933621003]
[1127, -861.4595483183876]
[1128, -869.5252018135396]
[1129, -751.823906307468]
[1130, -882.7291452166565]
[1131, -873.5776847511804]
[1132, -780.1004997032906]
[1133, -736.1988244447659]
[1134, -848.9210765758129]
[1135, -1000.1935926989992]
[1136, -842.3268929364413]
[1137, -794.3802949232004]
[1138, -626.4726343724979]
[1139, -850.5504687250249]
[1140, -1004.823480410715]
[1141, -970.6735177116084]
[1142, -873.194072838161]
[1143, -871.5034688455801]
[1144, -741.2900142689687]
[1145, -733.1053985973236]
[1146, -855.5657502773349]
[1147, -851.4266169141141]
[1148, -862.6753512181193]
[1149, -1031.534265173657]
[1150, -634.4357075159237]
[1151, -763.2500715771805]
[1152, -766.7467312252138]
[1153, -858.1130720258709]
[1154, -975.5488523872835]
[1155, -754.0680335236325]
[1156, -754.0306768787004]
[1157, -757.7905095536279]
[1158, -825.1020646610548]
[1159, -967.4801024616241]
[1160, -764.6597214534434]
[1161, -732.4927815394739]
[1162, -747.8255245329867]
[1163, -821.8655626515576]
[1164, -749.366469119003]
[1165, -857.9998019639291]
[1166, -741.4856120534228]
[1167, -854.2411163016637]
[1168, -854.2971997477482]
[1169, -1006.4609776673458]
[1170, -745.8555216291821]
[1171, -741.3213323196405]
[1172, -977.5951653091502]
[1173, -738.4240323007605]
[1174, -877.0585680717336]
[1175, -759.8025394185181]
[1176, -856.088311031801]
[1177, -842.6279698496337]
[1178, -751.1293777956789]
[1179, -632.6610200173236]
[1180, -846.3152082061321]
[1181, -992.9021310034746]
[1182, -856.917201640197]
[1183, -753.8632414282747]
[1184, -743.8588634988143]
[1185, -754.6872721504702]
[1186, -849.2783530155168]
[1187, -1022.639740434335]
[1188, -858.9545660646943]
[1189, -847.2550795376704]
[1190, -840.2409491425955]
[1191, -870.6263738811975]
[1192, -878.0324431087919]
[1193, -752.1560608948323]
[1194, -758.3865972281943]
[1195, -988.758780742032]
[1196, -863.2077708228602]
[1197, -971.9601346116518]
[1198, -909.4648741817299]
[1199, -751.7054557353575]
[1200, -645.6652536771733]
[1201, -745.6304089634175]
[1202, -839.7706518842389]
[1203, -734.9234695409457]
[1204, -848.3299223679613]
[1205, -748.9036572020253]
[1206, -741.1521501475247]
[1207, -849.0752230326916]
[1208, -748.8036640728347]
[1209, -849.5965954930095]
[1210, -843.6444099371337]
[1211, -732.7905975799998]
[1212, -748.4285948987626]
[1213, -751.8248368281547]
[1214, -855.5817144291669]
[1215, -854.7451177623385]
[1216, -754.2853124334438]
[1217, -750.0214422588789]
[1218, -754.6286359680827]
[1219, -789.0471463101952]
[1220, -952.8726655143975]
[1221, -742.9818237864799]
[1222, -971.6955250322535]
[1223, -746.8406756675537]
[1224, -754.3445372426838]
[1225, -767.0731476301544]
[1226, -925.0042774457905]
[1227, -743.6724902874838]
[1228, -861.5074216133952]
[1229, -759.0062416335974]
[1230, -966.7790653917201]
[1231, -733.6202762557906]
[1232, -733.0850445291577]
[1233, -784.6790675217773]
[1234, -630.0005668244592]
[1235, -871.2990319061814]
[1236, -797.6644028503051]
[1237, -862.5411584710206]
[1238, -851.4690378384879]
[1239, -968.3611384501431]
[1240, -904.6316323652712]
[1241, -747.1710334665327]
[1242, -862.7300996303143]
[1243, -735.6419116193131]
[1244, -1101.5361556045148]
[1245, -943.3679365648196]
[1246, -844.9717397970426]
[1247, -767.9219918364226]
[1248, -851.4803151556057]
[1249, -628.7818189524069]
[1250, -752.1407405417528]
[1251, -979.1814019222169]
[1252, -777.7026841268315]
[1253, -854.1739472970421]
[1254, -847.3494300891153]
[1255, -747.1278453280908]
[1256, -836.2425298166025]
[1257, -853.0885837191307]
[1258, -1005.9234706075715]
[1259, -675.8348174976879]
[1260, -997.4187170948638]
[1261, -771.444478447238]
[1262, -745.584144268605]
[1263, -843.0078936079057]
[1264, -851.7218050982892]
[1265, -841.3607865116982]
[1266, -1010.1295509500233]
[1267, -622.1907675286332]
[1268, -745.1680011972245]
[1269, -959.1283752053056]
[1270, -643.654139602403]
[1271, -975.7636354728347]
[1272, -623.2896398230438]
[1273, -679.0824529320844]
[1274, -848.6490450061015]
[1275, -847.5218958612418]
[1276, -974.9497060915122]
[1277, -989.9502929568204]
[1278, -859.1184828590988]
[1279, -955.8199670025962]
[1280, -744.7837872370791]
[1281, -742.8137943082864]
[1282, -707.3208958488545]
[1283, -621.5547490187091]
[1284, -980.074016397457]
[1285, -718.1361639899188]
[1286, -857.2064760562745]
[1287, -851.2568051981508]
[1288, -852.6257486942122]
[1289, -1010.2366949023739]
[1290, -742.0375612472922]
[1291, -650.6057090071927]
[1292, -732.8777155178927]
[1293, -841.7396387425159]
[1294, -849.2201891648355]
[1295, -751.4017326918544]
[1296, -710.1752652809223]
[1297, -736.5410162201644]
[1298, -768.6596005982266]
[1299, -730.8865963696348]
[1300, -709.1844312624052]
[1301, -624.1712748920543]
[1302, -849.8716173450915]
[1303, -862.6186145563654]
[1304, -846.6492198107888]
[1305, -743.1013474820362]
[1306, -964.6088151517031]
[1307, -840.3260727201417]
[1308, -857.9041631072777]
[1309, -737.6938809357797]
[1310, -731.36407743047]
[1311, -854.8496714231266]
[1312, -823.8410978995482]
[1313, -750.3622827822103]
[1314, -963.1212435482189]
[1315, -882.976016717254]
[1316, -749.8998216838555]
[1317, -742.0019508573013]
[1318, -737.5989710499057]
[1319, -741.7942075116991]
[1320, -748.3938709439184]
[1321, -836.0513035665804]
[1322, -965.3558008947246]
[1323, -743.4738354540394]
[1324, -850.2635929515403]
[1325, -730.4750811398395]
[1326, -721.4412563532886]
[1327, -748.2166229530379]
[1328, -737.8146569822824]
[1329, -740.3309765650004]
[1330, -691.6811875281564]
[1331, -667.3048270403818]
[1332, -652.9672098743873]
[1333, -744.371193314025]
[1334, -996.9236347096494]
[1335, -735.6933461815516]
[1336, -861.7276789904138]
[1337, -714.3668860795722]
[1338, -809.525218358279]
[1339, -739.2254446677155]
[1340, -738.7538246408329]
[1341, -744.4008946714181]
[1342, -884.3697889111631]
[1343, -952.2183151755041]
[1344, -750.0721299784493]
[1345, -731.0774519204116]
[1346, -851.179199221781]
[1347, -734.9202387736176]
[1348, -860.6399634865472]
[1349, -755.9865770607804]
[1350, -712.7138993372178]
[1351, -747.3582420412515]
[1352, -740.7575639486612]
[1353, -633.6832666956824]
[1354, -727.168876777877]
[1355, -966.2134281108185]
[1356, -706.3443542527367]
[1357, -735.444526184822]
[1358, -686.9916715481581]
[1359, -738.4312872639904]
[1360, -749.9956615115082]
[1361, -836.9214932380717]
[1362, -966.1535938540238]
[1363, -802.9143257596633]
[1364, -862.3789479192324]
[1365, -744.5150925716226]
[1366, -740.1470072221426]
[1367, -740.2568282047912]
[1368, -748.0124642109927]
[1369, -746.4541052687224]
[1370, -624.6274037250874]
[1371, -991.288665174942]
[1372, -742.3180739907759]
[1373, -871.6197533011258]
[1374, -975.3118158249924]
[1375, -630.8880544332944]
[1376, -749.4589168482615]
[1377, -842.4877302425735]
[1378, -626.9857000718048]
[1379, -868.557317019016]
[1380, -766.2242567617783]
[1381, -994.516496826649]
[1382, -867.4537813396126]
[1383, -752.6626333940274]
[1384, -1013.25404751368]
[1385, -861.7865082131082]
[1386, -624.0575128263104]
[1387, -988.6043164962186]
[1388, -748.5234747053801]
[1389, -843.7141138033764]
[1390, -959.7040056908119]
[1391, -852.2619307401278]
[1392, -732.3281885012708]
[1393, -742.6523612163893]
[1394, -985.206807739449]
[1395, -901.339800843022]
[1396, -743.4161163027502]
[1397, -753.206945600884]
[1398, -722.4251657496744]
[1399, -843.5394430528175]
[1400, -933.5735187567749]
[1401, -723.3543758812245]
[1402, -743.1718011293566]
[1403, -848.9465863685498]
[1404, -620.5656901593003]
[1405, -726.8419351259223]
[1406, -742.2575819149861]
[1407, -832.1861240894093]
[1408, -837.2631819974591]
[1409, -788.5445406177492]
[1410, -1002.8803212663021]
[1411, -745.4360311838466]
[1412, -728.5709403657354]
[1413, -1004.4871328311144]
[1414, -739.86992962528]
[1415, -631.0387884607994]
[1416, -800.3477491638421]
[1417, -849.8822157147503]
[1418, -764.0877568202635]
[1419, -753.9862218745428]
[1420, -744.3420064341669]
[1421, -756.8711781408257]
[1422, -751.1036802582626]
[1423, -742.8440008431504]
[1424, -948.6699709123259]
[1425, -853.2358558369398]
[1426, -691.4325356001884]
[1427, -852.1943417710308]
[1428, -741.0818714391027]
[1429, -824.5076182113744]
[1430, -746.5192517077088]
[1431, -959.3196127090067]
[1432, -728.1530887668068]
[1433, -835.666960263583]
[1434, -940.0167132341581]
[1435, -751.9982588154982]
[1436, -736.8800383267799]
[1437, -629.493606480252]
[1438, -781.7479760510081]
[1439, -742.56238324838]
[1440, -858.2244067045435]
[1441, -848.0793878628003]
[1442, -853.5075367359238]
[1443, -858.5025634739479]
[1444, -847.3931135112479]
[1445, -760.0242258840975]
[1446, -728.8045224798741]
[1447, -847.8710684764825]
[1448, -849.4258502049972]
[1449, -750.3288707746466]
[1450, -629.4292572281844]
[1451, -749.4654859665634]
[1452, -694.1224113031527]
[1453, -743.2858295871767]
[1454, -716.0784004964917]
[1455, -754.1366039422592]
[1456, -848.1780899472883]
[1457, -759.713398858232]
[1458, -855.9579016065073]
[1459, -847.99419803247]
[1460, -743.594547904952]
[1461, -742.1188796239653]
[1462, -847.6648751708321]
[1463, -963.9711060502159]
[1464, -958.1689264131536]
[1465, -735.1543443633209]
[1466, -744.4164158183329]
[1467, -735.42786253982]
[1468, -726.5525340875315]
[1469, -680.5807067476377]
[1470, -846.1278630657654]
[1471, -960.3067775011377]
[1472, -928.135253898879]
[1473, -999.8088716573221]
[1474, -752.0342527035984]
[1475, -864.5750227221856]
[1476, -846.8522861399526]
[1477, -860.4883247789581]
[1478, -753.0955971349936]
[1479, -862.4097988577302]
[1480, -984.4549716534012]
[1481, -1071.4688876148787]
[1482, -792.5046761279455]
[1483, -810.9818380622163]
[1484, -859.1178982721253]
[1485, -746.9976581031464]
[1486, -817.3246082425426]
[1487, -906.9593597369961]
[1488, -962.2037432250669]
[1489, -960.2581073373111]
[1490, -821.0109552214238]
[1491, -973.8796758471002]
[1492, -777.5814462945888]
[1493, -984.0659890663859]
[1494, -772.6910303680329]
[1495, -919.2127484027465]
[1496, -1034.9211617537524]
[1497, -861.1287802575446]
[1498, -822.8879177742903]
[1499, -784.5114336122638]
[1500, -744.2455022642565]
[1501, -631.8850715824824]
[1502, -979.9621637727571]
[1503, -786.8466687517789]
[1504, -951.4309992696882]
[1505, -872.1775964443498]
[1506, -756.0706695739954]
[1507, -951.6074116338962]
[1508, -825.1563996413281]
[1509, -858.723468723562]
[1510, -740.2564081927608]
[1511, -871.3294931881429]
[1512, -954.2608168620594]
[1513, -860.0492800173305]
[1514, -747.8731736133365]
[1515, -753.2493386448613]
[1516, -837.6625558755497]
[1517, -982.2350216394503]
[1518, -951.254509742945]
[1519, -963.1457192938792]
[1520, -1025.1662823923407]
[1521, -1060.9825032796198]
[1522, -799.7699583443613]
[1523, -753.9970413688698]
[1524, -976.2238488847264]
[1525, -855.6414242633377]
[1526, -981.9965397045052]
[1527, -973.0018377896741]
[1528, -867.7608669354022]
[1529, -861.2008931825683]
[1530, -760.4152971972276]
[1531, -1061.2183904747938]
[1532, -854.6295526724258]
[1533, -811.3248939231104]
[1534, -860.4384143492996]
[1535, -910.6703191738324]
[1536, -1039.3733227873527]
[1537, -978.1274782771419]
[1538, -848.0719478685811]
[1539, -859.6987331912376]
[1540, -726.1212714461828]
[1541, -746.707990113439]
[1542, -805.8017036301025]
[1543, -944.6451009458291]
[1544, -732.3619526920492]
[1545, -815.4038114533028]
[1546, -871.7943800886598]
[1547, -1054.892052449924]
[1548, -999.640490060325]
[1549, -753.5327196907688]
[1550, -964.8988329628579]
[1551, -945.7739712641375]
[1552, -851.4643934906001]
[1553, -753.182969852995]
[1554, -750.5669942701278]
[1555, -848.3072399052667]
[1556, -860.3060275986041]
[1557, -858.7944484597961]
[1558, -743.8720470215117]
[1559, -647.0265238040461]
[1560, -854.249447037755]
[1561, -752.8122645502015]
[1562, -972.0386582168287]
[1563, -743.8253719144974]
[1564, -756.6956178686065]
[1565, -868.5483254503515]
[1566, -748.3311287432502]
[1567, -859.072645700572]
[1568, -977.5138875530778]
[1569, -954.3289387177451]
[1570, -854.4882742302023]
[1571, -755.4498125308515]
[1572, -720.4481383552769]
[1573, -845.9056363254518]
[1574, -857.2170052992853]
[1575, -963.1801151516396]
[1576, -932.1524917050423]
[1577, -712.20726827512]
[1578, -743.9164045627618]
[1579, -799.3218308824539]
[1580, -712.9432943278011]
[1581, -822.6421836809128]
[1582, -753.5984427944924]
[1583, -748.2537302838871]
[1584, -681.5767283792741]
[1585, -833.4566647291305]
[1586, -635.9352994125152]
[1587, -815.9721548228102]
[1588, -740.274141797948]
[1589, -850.8611912770992]
[1590, -731.0504407760176]
[1591, -749.1019045263973]
[1592, -841.3938801087845]
[1593, -766.3433553899634]
[1594, -751.0812011493391]
[1595, -698.1923796036191]
[1596, -726.7886652648186]
[1597, -738.0349481622959]
[1598, -740.5269988719427]
[1599, -844.6358575935722]
[1600, -908.816569782252]
[1601, -836.2636384602683]
[1602, -742.8425815006451]
[1603, -877.7586616782404]
[1604, -854.631683075643]
[1605, -742.6092816156565]
[1606, -750.5234422137983]
[1607, -739.6722016948883]
[1608, -641.814666694485]
[1609, -743.5170725426074]
[1610, -740.6420759118056]
[1611, -851.5076296704384]
[1612, -847.5615211951954]
[1613, -973.5072680162918]
[1614, -743.6598955387867]
[1615, -847.7508637308717]
[1616, -742.7983967543245]
[1617, -954.834574109035]
[1618, -743.5468498305461]
[1619, -980.2463098865858]
[1620, -622.2790762450137]
[1621, -740.2885792493497]
[1622, -739.8909137591796]
[1623, -808.9939924972372]
[1624, -1033.0046520231424]
[1625, -847.7938218757529]
[1626, -1024.3588122677647]
[1627, -1066.77547657234]
[1628, -739.5169790658323]
[1629, -710.6288085998971]
[1630, -741.9227855683966]
[1631, -747.2965720430936]
[1632, -842.1295621688396]
[1633, -788.6347379631637]
[1634, -945.5083325176618]
[1635, -963.7760335477298]
[1636, -620.7720527266906]
[1637, -825.1593559981777]
[1638, -754.5286943944708]
[1639, -853.0867090219376]
[1640, -855.3097967751883]
[1641, -753.0429827369323]
[1642, -842.5144855076348]
[1643, -847.2848234662725]
[1644, -851.9968589137378]
[1645, -829.2041529262178]
[1646, -748.970390065453]
[1647, -855.5889860723998]
[1648, -855.9048379812342]
[1649, -902.1433985656395]
[1650, -830.1995032709623]
[1651, -626.5884930362458]
[1652, -741.28665445472]
[1653, -624.1927307246222]
[1654, -624.863200648626]
[1655, -737.8982554439641]
[1656, -972.1560092890389]
[1657, -965.0926883159104]
[1658, -744.9822064838322]
[1659, -863.2269123442834]
[1660, -782.8480510329684]
[1661, -991.2969289206388]
[1662, -739.8540577342317]
[1663, -850.260003557428]
[1664, -854.5084898317226]
[1665, -744.9471426536333]
[1666, -767.4623007960619]
[1667, -952.5360626842763]
[1668, -841.185980362219]
[1669, -752.9144300737296]
[1670, -729.5138778575016]
[1671, -752.6806899270429]
[1672, -631.0363246627853]
[1673, -858.0287388407714]
[1674, -954.7843937528104]
[1675, -748.243291355433]
[1676, -783.5099922455183]
[1677, -751.0268936576788]
[1678, -860.250697042225]
[1679, -823.2261525749916]
[1680, -980.6212069364766]
[1681, -734.565764375221]
[1682, -742.3510242033273]
[1683, -670.990669965858]
[1684, -749.2951524317052]
[1685, -853.7315265959315]
[1686, -857.0688173350186]
[1687, -741.4934706409414]
[1688, -740.4984126443939]
[1689, -1085.8415879327772]
[1690, -869.0424029380343]
[1691, -930.4342735556011]
[1692, -750.4551048820474]
[1693, -747.9522703502806]
[1694, -750.8886655769624]
[1695, -748.1881655775721]
[1696, -869.3885997041567]
[1697, -970.5798599880836]
[1698, -843.2874040119187]
[1699, -743.6286901740937]
[1700, -962.9628227689878]
[1701, -749.8984665413791]
[1702, -736.0133439772136]
[1703, -753.4543325553094]
[1704, -841.6555546502768]
[1705, -746.1764411472907]
[1706, -707.4765946465333]
[1707, -644.9253427506025]
[1708, -780.2711281273077]
[1709, -754.8277736510122]
[1710, -748.4143065171078]
[1711, -678.3357942539105]
[1712, -750.0934850175772]
[1713, -1072.0332224787276]
[1714, -751.3691846530281]
[1715, -626.9743667044698]
[1716, -950.2854524620684]
[1717, -748.6440546553121]
[1718, -966.4133125662647]
[1719, -880.041924016385]
[1720, -774.8176009239704]
[1721, -768.8629095067513]
[1722, -718.7333296901779]
[1723, -835.9430606103804]
[1724, -857.5513709104929]
[1725, -742.0220879108023]
[1726, -766.3467149071943]
[1727, -916.0573889042371]
[1728, -860.4953994209303]
[1729, -860.1699990101247]
[1730, -747.9721745629585]
[1731, -972.419410627927]
[1732, -875.8309438517782]
[1733, -737.0090806779665]
[1734, -868.2332545979676]
[1735, -856.3087531338884]
[1736, -741.1662866082936]
[1737, -1014.3364663869711]
[1738, -713.6899286731892]
[1739, -626.4819148374844]
[1740, -907.8881841286003]
[1741, -862.8894487418264]
[1742, -855.7259630547626]
[1743, -989.0805982050565]
[1744, -618.9271447350811]
[1745, -868.4671438391571]
[1746, -722.6756789281366]
[1747, -984.9162682608213]
[1748, -739.6256287981217]
[1749, -748.1026333370202]
[1750, -850.7680705451055]
[1751, -829.6614913322505]
[1752, -753.7505597564261]
[1753, -856.3875095117464]
[1754, -735.1808991331866]
[1755, -631.0192800241667]
[1756, -627.0262165588039]
[1757, -723.7612060606731]
[1758, -973.4253074623705]
[1759, -954.4645375617266]
[1760, -896.7614117086092]
[1761, -721.6991896448537]
[1762, -927.596276400078]
[1763, -631.6215858572914]
[1764, -752.1309212314674]
[1765, -907.6949123689162]
[1766, -694.170575697853]
[1767, -689.0792222340976]
[1768, -730.7562939922566]
[1769, -739.625049510203]
[1770, -739.3996888088357]
[1771, -728.5646804244208]
[1772, -989.7868071913234]
[1773, -731.6105802907783]
[1774, -851.1179943716829]
[1775, -629.2570861407245]
[1776, -625.5150747577435]
[1777, -839.705072615045]
[1778, -742.8221454253292]
[1779, -838.6730471045549]
[1780, -856.5388118677785]
[1781, -748.5088071216633]
[1782, -818.4520167288099]
[1783, -726.5310457243863]
[1784, -733.9381248642462]
[1785, -741.1470121651091]
[1786, -734.4484468029135]
[1787, -729.5857931957884]
[1788, -739.9655073926928]
[1789, -1004.7923188920199]
[1790, -984.7421485999386]
[1791, -740.0267913737212]
[1792, -845.2128872480504]
[1793, -849.8105286406901]
[1794, -644.1225141514329]
[1795, -694.9810269324526]
[1796, -851.3868263105325]
[1797, -960.0839073357232]
[1798, -630.520342076265]
[1799, -851.6443500747217]
[1800, -854.5654167128067]
[1801, -845.730470668751]
[1802, -627.656863095887]
[1803, -950.2886138529111]
[1804, -750.5921187201615]
[1805, -733.4109652647138]
[1806, -964.1673032539054]
[1807, -741.9723863091897]
[1808, -860.6266924344396]
[1809, -975.2773213269754]
[1810, -1024.7641787179832]
[1811, -626.7421094420896]
[1812, -748.5421273879933]
[1813, -732.3603279354465]
[1814, -764.5091904576266]
[1815, -777.6502501247422]
[1816, -873.3346543536841]
[1817, -750.6795709255517]
[1818, -795.0053225678956]
[1819, -635.5598012115765]
[1820, -861.8303416243392]
[1821, -756.9816119128939]
[1822, -757.3690060940492]
[1823, -856.2504620205564]
[1824, -633.5912540738559]
[1825, -730.9374825027513]
[1826, -627.973310966309]
[1827, -628.1311286398167]
[1828, -1021.6904199936641]
[1829, -824.0892860417159]
[1830, -625.1623648119506]
[1831, -850.1733513501555]
[1832, -729.9297682214367]
[1833, -625.131900800409]
[1834, -624.8331073104009]
[1835, -748.9905048144876]
[1836, -839.5972237549238]
[1837, -734.6448138745003]
[1838, -731.049395061436]
[1839, -964.4994640309308]
[1840, -738.9912597752225]
[1841, -624.1096832257497]
[1842, -880.5179736262646]
[1843, -968.5784055935928]
[1844, -841.8521472309485]
[1845, -744.7918265821023]
[1846, -629.3955241582382]
[1847, -838.1607565167737]
[1848, -739.8912697216234]
[1849, -623.4893531793223]
[1850, -884.1418141864613]
[1851, -738.096711202423]
[1852, -728.1981411493279]
[1853, -933.9684401150479]
[1854, -979.5234421525375]
[1855, -726.5380980162824]
[1856, -848.6661583837713]
[1857, -564.8227423069673]
[1858, -853.0307296966122]
[1859, -855.9409730081038]
[1860, -627.2305064393389]
[1861, -626.2823927342446]
[1862, -741.7626905290352]
[1863, -733.6778113483691]
[1864, -737.6931058410883]
[1865, -854.5004181642572]
[1866, -739.4198089803696]
[1867, -842.5109203184581]
[1868, -841.7832212584372]
[1869, -978.5520699720261]
[1870, -741.9084701777635]
[1871, -729.6682790318143]
[1872, -743.4814920409314]
[1873, -628.9166684415876]
[1874, -743.9983481302078]
[1875, -735.5090555656369]
[1876, -738.116895499707]
[1877, -843.0562222808063]
[1878, -625.6751410594424]
[1879, -958.0267883423028]
[1880, -732.6727757976594]
[1881, -1000.8612580032383]
[1882, -950.5537233564432]
[1883, -970.7791621120265]
[1884, -745.0484752067696]
[1885, -960.093913866248]
[1886, -737.4700413143746]
[1887, -946.3653068359677]
[1888, -731.407663668634]
[1889, -722.1980375166438]
[1890, -716.1798401028401]
[1891, -929.5468274925042]
[1892, -1029.954906281779]
[1893, -620.9973791052645]
[1894, -689.2201173609035]
[1895, -622.8856972763818]
[1896, -691.4362218945289]
[1897, -826.5059525897702]
[1898, -671.6964421790325]
[1899, -623.9958368994197]
[1900, -854.6746007417573]
[1901, -848.1742140142879]
[1902, -997.790578144247]
[1903, -678.2552727503318]
[1904, -623.2383349813306]
[1905, -816.7435413022821]
[1906, -703.9481174180756]
[1907, -625.9122647316664]
[1908, -1010.3387691877199]
[1909, -615.334698191263]
[1910, -936.6674700382582]
[1911, -743.0598747535831]
[1912, -740.2506383116717]
[1913, -851.6901747063221]
[1914, -940.6883616891075]
[1915, -746.4078828714752]
[1916, -867.2329060307417]
[1917, -849.3627547655318]
[1918, -867.5178510657688]
[1919, -742.3898523617737]
[1920, -972.0065092529944]
[1921, -840.0473831424792]
[1922, -705.7029146205367]
[1923, -846.0203121376907]
[1924, -625.0328869685624]
[1925, -717.8725780340773]
[1926, -631.5946646945144]
[1927, -818.9784899125582]
[1928, -963.43033371763]
[1929, -738.3234355523548]
[1930, -623.1908727013526]
[1931, -851.9681538750287]
[1932, -621.1776222057325]
[1933, -704.3270452360867]
[1934, -730.3779798576835]
[1935, -735.2436542091484]
[1936, -624.907250184369]
[1937, -842.3809221753924]
[1938, -743.4288833327175]
[1939, -842.0258707833318]
[1940, -851.5461936565238]
[1941, -740.4403294425521]
[1942, -940.2226933173789]
[1943, -703.6192193065643]
[1944, -752.3727451025821]
[1945, -741.2344134963975]
[1946, -764.4997298042227]
[1947, -1034.1720047422466]
[1948, -742.3367996894426]
[1949, -730.8704679575993]
[1950, -738.8213508742906]
[1951, -736.0012557260246]
[1952, -851.7275237707718]
[1953, -741.6607492352601]
[1954, -845.1744364849446]
[1955, -630.6523020212014]
[1956, -975.3542457191878]
[1957, -690.0076541418487]
[1958, -839.8005680019667]
[1959, -1046.938661253927]
[1960, -631.6442400083433]
[1961, -743.8522562869588]
[1962, -997.3691102071475]
[1963, -728.9022813709947]
[1964, -883.1583493907932]
[1965, -866.4601715506556]
[1966, -741.9810047661069]
[1967, -729.7598461425525]
[1968, -963.0857824021268]
[1969, -742.449329040725]
[1970, -711.446819576713]
[1971, -841.7442019719634]
[1972, -927.7216790089979]
[1973, -968.8245753221724]
[1974, -734.5809538670904]
[1975, -972.05838854339]
[1976, -737.7669014854441]
[1977, -628.7838241266526]
[1978, -853.4500758351351]
[1979, -692.4969909875501]
[1980, -741.9416997495935]
[1981, -738.3007614405591]
[1982, -879.83040436119]
[1983, -845.9314020395005]
[1984, -838.5226177353137]
[1985, -830.9968065809026]
[1986, -844.0919502936546]
[1987, -848.9604368709689]
[1988, -737.3839020843807]
[1989, -851.8779764328253]
[1990, -783.284452570789]
[1991, -701.5550873987271]
[1992, -742.5403613716965]
[1993, -839.2572123832405]
[1994, -863.5049820766629]
[1995, -850.5563352225315]
[1996, -738.965277836868]
[1997, -794.6067602657076]
[1998, -741.9683853664567]
[1999, -730.1485931955727]
