[0, -3440.996864205661]
[1, -3983.298341172785]
[2, -4341.116711750678]
[3, -4020.3352363897075]
[4, -3551.4983908769673]
[5, -3720.008269333227]
[6, -3912.5043973427087]
[7, -4018.8858450340895]
[8, -4559.467471879275]
[9, -4888.215300384558]
[10, -4612.556874034189]
[11, -4800.572840989723]
[12, -5476.868472293442]
[13, -5444.173643507361]
[14, -5261.691689517211]
[0, -3255.299399820675]
[1, -4714.915007636371]
[2, -4966.496778774525]
[3, -4607.269467951466]
[4, -3843.9654441147095]
[5, -4071.9896387728727]
[6, -4826.1368991362415]
[7, -4134.856685546465]
[8, -4659.994631460563]
[9, -4373.75117223866]
[10, -3817.909139578237]
[11, -4214.884719214506]
[12, -3943.442970244866]
[13, -4641.48041067653]
[0, -4181.125754440152]
[1, -4128.409247912435]
[2, -4392.110656292293]
[3, -3606.1023275296848]
[4, -4621.6123037299585]
[5, -4505.635393564161]
[6, -3498.5496492878524]
[7, -3838.080535654518]
[8, -4409.25800067499]
[9, -3502.196091438687]
[10, -4036.879584403896]
[0, -3303.659731594067]
[1, -4718.368178048414]
[2, -4052.881844965327]
[3, -3302.2829331938983]
[4, -3220.854396732245]
[5, -4311.80254267757]
[6, -4693.747012696717]
[7, -4135.684157025434]
[8, -3780.142298496969]
[9, -2828.4259868714926]
[10, -4255.676895628216]
[11, -3346.7381766125]
[12, -3793.1665751176324]
[13, -3710.390391211945]
[14, -3491.192315115537]
[15, -3158.7505886934487]
[16, -2997.450774732184]
[17, -3352.707537283477]
[18, -3250.4575794776856]
[19, -3387.7368153324974]
[20, -3535.502228088128]
[21, -3228.4239218553766]
[22, -3092.175747740579]
[23, -3464.3261170808496]
[24, -3582.834525339492]
[25, -3771.4034660226293]
[0, -1706.3806180480963]
[1, -1189.988025323168]
[2, -1644.9883830353842]
[3, -1157.3996350215498]
[4, -1729.5721713213552]
[5, -1748.1719428224756]
[6, -1060.6724349844321]
[7, -1742.8460212494304]
[8, -1063.185413553477]
[9, -1783.9424212107776]
[10, -1416.0481447247087]
[11, -1063.5182578935724]
[12, -1640.510057214447]
[13, -1377.7180113424824]
[14, -952.4395121848169]
[15, -1179.2306932759684]
[16, -976.2596057496705]
[17, -1130.1235039445792]
[18, -1720.1374987720835]
[19, -1141.2552900471653]
[20, -1167.9677857175407]
[21, -1868.1662908112105]
[22, -1845.5671871222235]
[23, -1751.9805216819104]
[24, -1070.3632808762995]
[25, -1742.2031531720506]
[26, -1720.9339509216147]
[27, -1274.739065617609]
[28, -1305.0821614629228]
[29, -1875.657591603422]
[30, -1551.3727760181444]
[31, -1752.8215931301504]
[32, -1046.9332715166795]
[33, -1448.4462053115624]
[34, -1769.5969305396945]
[35, -1730.5033305211643]
[36, -1865.1828483208735]
[37, -1102.596407993145]
[38, -1301.0586985364505]
[39, -1464.9314395777847]
[40, -1791.6443248563876]
[41, -1879.8648386007594]
[42, -1292.9686707584838]
[43, -1199.183503154388]
[44, -1194.1489012471638]
[45, -1376.3973179846155]
[46, -1466.349844967013]
[47, -1281.5048677701714]
[48, -1221.5005225302955]
[49, -1148.6610520808047]
[50, -1839.9611463987535]
[51, -1285.9015756921515]
[52, -1615.4799666942981]
[53, -1457.2442250850142]
[54, -1389.863245720384]
[55, -1838.8987233127652]
[56, -1194.3192672315242]
[57, -1626.5607388910819]
[58, -1438.4385336844773]
[59, -1547.6622220165582]
[60, -1156.8236756110118]
[61, -1505.7282944618923]
[62, -1522.3647792700217]
[63, -1331.0665509562966]
[64, -1341.9875863751834]
[65, -1227.7477471426116]
[66, -956.5245577907016]
[67, -1721.1594579115203]
[68, -1779.0712096009047]
[69, -1505.4499249028552]
[70, -1256.423860542987]
[71, -1092.1888573785927]
[72, -1828.4342180373417]
[73, -977.0387625620763]
[74, -1613.909239487076]
[75, -1167.0766964754414]
[76, -1526.524079090945]
[77, -1022.1758833914537]
[78, -1405.8923747164781]
[79, -1193.4508771021437]
[80, -1665.9348752914827]
[81, -1192.4538462551006]
[82, -1848.633870450913]
[83, -991.0270774819924]
[84, -1230.9741945116368]
[85, -1086.7397383608234]
[86, -1844.7196546715977]
[87, -1460.244100913562]
[88, -1057.019442482003]
[89, -1236.4779935716776]
[90, -1127.8265685145745]
[91, -1241.8188307538321]
[92, -1491.507650315183]
[93, -1029.8950634636149]
[94, -1189.9539953270164]
[95, -1735.1303893469112]
[96, -1219.896406936184]
[97, -1572.1122899187967]
[98, -1172.5211011069164]
[99, -1825.8108782206755]
[100, -1429.8975065437614]
[101, -1584.5259800588801]
[102, -1702.1787684249728]
[103, -1800.2683015973544]
[104, -1806.8336750867434]
[105, -1306.147812928431]
[106, -1366.896155871633]
[107, -1555.1970116318457]
[108, -1216.8046972564914]
[109, -1861.5653960244574]
[110, -986.0575752708195]
[111, -1091.84549519226]
[112, -1565.578087375803]
[113, -1335.9406575710145]
[114, -1366.8953898638865]
[115, -1784.8662019773717]
[116, -1572.3156540823963]
[117, -967.9572197494816]
[118, -1513.1894811321224]
[119, -1214.4170139581659]
[120, -1590.7844488784597]
[121, -1388.296352855297]
[122, -1480.1388936523856]
[123, -1710.3007893137026]
[124, -1167.642821537443]
[125, -1586.9447529468964]
[126, -1118.5607933968608]
[127, -1187.1486136273782]
[128, -1154.3427761809794]
[129, -1622.0764324868812]
[130, -1047.9032263383376]
[131, -1560.5924508614137]
[132, -1105.5016251529494]
[133, -1311.2075562828836]
[134, -1708.3966176309766]
[135, -1659.9002338572423]
[136, -1365.0102562193176]
[137, -1650.2556392764907]
[138, -1479.506158483625]
[139, -1582.8457988488735]
[140, -1423.2106628216764]
[141, -1443.5410452908225]
[142, -1690.9953752936608]
[143, -1125.7596097160279]
[144, -1241.6519482217996]
[145, -1180.0875010426253]
[146, -1075.8044679425127]
[147, -1421.6756314161987]
[148, -1054.9940723031427]
[149, -1667.8207288067933]
[150, -1721.2572578445822]
[151, -1523.0021402604978]
[152, -867.7848739587251]
[153, -1371.5400198443099]
[154, -1355.9116859040237]
[155, -1442.2712309885578]
[156, -1342.5203655963392]
[157, -1139.7019134547165]
[158, -1423.3893324040976]
[159, -1138.2031235786674]
[160, -1544.8017509030894]
[161, -1431.7402312307645]
[162, -1720.1506938387765]
[163, -1245.4667386749682]
[164, -1199.8556962451996]
[165, -1071.7884651875972]
[166, -1348.7321881784355]
[167, -1775.6163986052018]
[168, -1336.2449833832056]
[169, -1234.2792572196465]
[170, -1809.7887073625723]
[171, -1201.2243559155795]
[172, -1220.6878373622471]
[173, -1833.356555274239]
[174, -1442.7529149815791]
[175, -1637.4121840315443]
[176, -964.5313217318577]
[177, -1710.0657126975825]
[178, -1260.0381812373976]
[179, -1440.1829514307794]
[180, -1879.6955621405555]
[181, -1371.4707184211802]
[182, -1391.5736302795735]
[183, -1286.563830163321]
[184, -1729.3113381972792]
[185, -1173.0744279210408]
[186, -1301.437689666969]
[187, -1112.5579521239908]
[188, -1452.6510852789074]
[189, -1114.8033676467076]
[190, -1355.2572195777536]
[191, -1613.790238381871]
[192, -1311.080959598468]
[193, -1775.6761183989302]
[194, -1183.3485429018863]
[195, -1401.0674286809274]
[196, -1445.4047046875012]
[197, -1578.759799292376]
[198, -1553.372530228468]
[199, -1072.1348602073683]
[200, -1595.6896014848867]
[201, -1367.2330857576728]
[202, -1298.4644560103202]
[203, -1217.3849223282455]
[204, -1391.2115236463299]
[205, -1267.6452019259098]
[206, -1223.9571222406655]
[207, -1363.724401959762]
[208, -1318.065604260304]
[209, -1058.6907001682905]
[210, -1306.7214879886724]
[211, -1265.2010210849908]
[212, -1211.8561662213165]
[213, -1051.644884865612]
[214, -1719.0079195335077]
[215, -882.0162885133003]
[216, -1097.0776618303544]
[217, -1290.4180462736053]
[218, -1606.9545810093011]
[219, -1542.5255391732665]
[220, -1325.2770820826859]
[221, -1268.3806997427894]
[222, -967.7379099622182]
[223, -1603.5990949219706]
[224, -1453.7979032808682]
[225, -1143.0102988604863]
[226, -1736.6275414535837]
[227, -1422.2786412624139]
[228, -1651.4489473261833]
[229, -1087.056700491264]
[230, -1390.424972717706]
[231, -1486.2134337969985]
[232, -1271.5125339452372]
[233, -1128.9267755738097]
[234, -1507.8825886241837]
[235, -1654.446541768619]
[236, -1311.82078724002]
[237, -1181.199462583249]
[238, -1420.4178785709694]
[239, -1372.19994374111]
[240, -1212.6241593840616]
[241, -1627.3064411940595]
[242, -1176.0379693159234]
[243, -1457.4260241557447]
[244, -1731.5867342305123]
[245, -1098.634189738173]
[246, -1595.7407764974116]
[247, -1605.7860537161143]
[248, -1635.2734253333479]
[249, -1207.113551643136]
[250, -1295.6975756008048]
[251, -1499.2838870646654]
[252, -1153.6762215141982]
[253, -1503.7890119516087]
[254, -1330.1536794153599]
[255, -1423.01818747832]
[256, -1419.5834555885917]
[257, -1226.6557839478742]
[258, -1200.5504715752022]
[259, -1480.3551861096287]
[260, -1301.530698972805]
[261, -1614.7141095815623]
[262, -1236.4425364900385]
[263, -1141.639466409734]
[264, -1373.774338371273]
[265, -1410.96857055143]
[266, -1516.936873409818]
[267, -1317.4375103261973]
[268, -1210.2740829377099]
[269, -1234.0055857722873]
[270, -1581.9677990760638]
[271, -997.8421021564814]
[272, -1352.915226812963]
[273, -1342.91945321393]
[274, -1448.3352706837832]
[275, -1281.470078052141]
[276, -1411.521819879871]
[277, -1374.5101977536428]
[278, -1801.4499704444133]
[279, -1389.5642740366418]
[280, -1275.9641116493665]
[281, -1406.2833976926854]
[282, -1196.9149692086116]
[283, -1470.9896036141504]
[284, -1465.7258401489453]
[285, -1221.9073697337165]
[286, -1281.47715849142]
[287, -1743.4172645350627]
[288, -1274.9981000299142]
[289, -1220.9537695918943]
[290, -1394.715865872846]
[291, -1465.425997281126]
[292, -1440.9058071579493]
[293, -1114.7422782058768]
[294, -1298.864438202429]
[295, -1413.3593304747662]
[296, -1136.7407539453668]
[297, -1576.0140250329614]
[298, -1457.4120181499998]
[299, -1474.5395622371777]
[300, -1371.5667553124258]
[301, -1474.8371645608272]
[302, -1465.1279094694883]
[303, -1356.1027125148719]
[304, -1634.8341461876832]
[305, -1369.6074504244052]
[306, -1275.4769230728534]
[307, -1212.655663096732]
[308, -1364.8376184858541]
[309, -1186.8121776381456]
[310, -1257.6248070551212]
[311, -1399.465799699262]
[312, -1588.4192074725222]
[313, -1245.4773648651649]
[314, -1452.683903925595]
[315, -1013.0851655087092]
[316, -1302.672349084703]
[317, -1267.6521258669616]
[318, -1237.3912280408917]
[319, -1641.6100822056949]
[320, -1310.5480230186747]
[321, -1424.1886317023757]
[322, -1323.9274539609528]
[323, -1466.4559320101769]
[324, -1446.3724638305491]
[325, -1400.8669072085338]
[326, -1561.757058257053]
[327, -1264.9713772934679]
[328, -1277.951934956225]
[329, -1271.8185808992685]
[330, -1446.114522968829]
[331, -1342.2961077871685]
[332, -1435.9981132065373]
[333, -1431.88203937249]
[334, -1362.5355491840555]
[335, -1299.262600894048]
[336, -1440.359610262835]
[337, -1431.719245606259]
[338, -1503.3900740109914]
[339, -1582.078126200718]
[340, -1554.3877292979066]
[341, -1249.2240097216295]
[342, -1723.281395167703]
[343, -1572.6040785191976]
[344, -1392.9760018890277]
[345, -1304.9561184899671]
[346, -1547.5041103065155]
[347, -1566.295450530212]
[348, -1360.102533508478]
[349, -1277.873162250796]
[350, -1271.5922953453903]
[351, -1561.046368988452]
[352, -1428.4307481236515]
[353, -1508.194454150008]
[354, -1294.7457436416955]
[355, -1546.872006385938]
[356, -1776.7212625814984]
[357, -1279.0973317416601]
[358, -1454.9015836174517]
[359, -1637.2142881979264]
[360, -1563.8393862588234]
[361, -1358.9728938446121]
[362, -1215.7945953215599]
[363, -1535.9648181832983]
[364, -1169.984929067931]
[365, -1281.9195595573972]
[366, -1486.2772172441487]
[367, -1259.2305912883849]
[368, -1266.3248190691882]
[369, -1588.0177329648823]
[370, -1509.3024691668163]
[371, -1491.916805694125]
[372, -1678.4493477827546]
[373, -1277.3698962672186]
[374, -1486.44016954694]
[375, -1571.5547511204559]
[376, -1347.626456573131]
[377, -1632.1564615380653]
[378, -1348.2427078781836]
[379, -1581.1399735062123]
[380, -1581.6374252850078]
[381, -1618.0959798988256]
[382, -1491.8942573537759]
[383, -1471.693780925108]
[384, -1352.3389327395473]
[385, -1279.963345889962]
[386, -1454.117026605507]
[387, -1700.205067517454]
[388, -1508.3543123027498]
[389, -1313.5988729291205]
[390, -1614.6759259449989]
[391, -1160.818752461954]
[392, -1395.977036736575]
[393, -1538.2785806830907]
[394, -1435.0702840583806]
[395, -1487.5963804178866]
[396, -1707.5666737233282]
[397, -1574.0018011095613]
[398, -1465.8318938940279]
[399, -1385.0378629189904]
[400, -1304.925214092658]
[401, -1332.6949349595877]
[402, -1427.3150858927663]
[403, -1211.5846108900062]
[404, -1681.3338853429264]
[405, -1383.3124601460875]
[406, -1589.7637228530036]
[407, -1206.6040096472807]
[408, -1475.895792214714]
[409, -1525.392671804367]
[410, -1354.9236172163157]
[411, -1519.7441961965942]
[412, -1530.9058161935718]
[413, -1669.373495439291]
[414, -1228.913640605356]
[415, -1405.054859181876]
[416, -1322.0203244486906]
[417, -1769.0006398955925]
[418, -1513.5162534975907]
[419, -1616.2905627899747]
[420, -1274.6616574193738]
[421, -1307.1701701315706]
[422, -1251.7175605116022]
[423, -1473.752730256689]
[424, -1489.1670252424121]
[425, -1159.0408988567153]
[426, -1271.425110400778]
[427, -1307.3036891765103]
[428, -1175.4361334574187]
[429, -1270.2982928772906]
[430, -1229.8000010459607]
[431, -1613.1543524849717]
[432, -1260.3703292362611]
[433, -1653.8944472839692]
[434, -1438.5042276012202]
[435, -1318.4646295201374]
[436, -1284.2514379946338]
[437, -1400.48764439715]
[438, -1567.3636772647812]
[439, -1750.3513301692672]
[440, -1518.9506730296544]
[441, -1219.6291409188007]
[442, -1617.373344133005]
[443, -1310.0948621509701]
[444, -1680.988199685634]
[445, -1402.763580737404]
[446, -1656.8766301286705]
[447, -1357.95058482661]
[448, -1667.6505158934522]
[449, -1430.5359789025727]
[450, -1616.4219378748028]
[451, -1167.5443131207442]
[452, -1087.5730399018175]
[453, -1212.15577610992]
[454, -1347.9833862870041]
[455, -1428.6353973214893]
[456, -1788.2834207305525]
[457, -1705.2708898131032]
[458, -965.5731959289609]
[459, -870.2471382645645]
[460, -1548.1998343218495]
[461, -1249.1812254618635]
[462, -1118.3525274936592]
[463, -1540.6040524373593]
[464, -1640.4422754620643]
[465, -1236.6916796445055]
[466, -1173.7379336442068]
[467, -1146.1896431379896]
[468, -1660.9271137546511]
[469, -1391.489455131917]
[470, -1619.4237972435055]
[471, -1612.5426841525634]
[472, -1219.6309975352387]
[473, -1516.6367446059583]
[474, -1491.9649414305127]
[475, -969.6092903876802]
[476, -1717.3859954596883]
[477, -1113.2003217839883]
[478, -1275.8152702782854]
[479, -1757.4567541229378]
[480, -1414.3692169276403]
[481, -1132.0755674436043]
[482, -1278.860881300869]
[483, -1746.1312222689853]
[484, -1793.276469405472]
[485, -1330.2610959133444]
[486, -1094.35220922135]
[487, -1395.0753913394058]
[488, -1740.1802323993177]
[489, -1242.9375995339672]
[490, -1336.88934319854]
[491, -1781.6759625464726]
[492, -1178.0846847713892]
[493, -1340.4936935748715]
[494, -1687.4990492058296]
[495, -1378.9109108701427]
[496, -1268.3916518244632]
[497, -1191.318035847681]
[498, -1329.3368895745668]
[499, -1067.7825548516316]
[500, -1453.9865953356152]
[501, -1690.0956532110422]
[502, -1540.535874010871]
[503, -1708.108313686871]
[504, -1298.527993891129]
[505, -1333.7431598188734]
[506, -1169.2056893926492]
[507, -1168.5926875330506]
[508, -1647.903904542121]
[509, -992.7151676129445]
[510, -1096.6623839880262]
[511, -1094.348183211116]
[512, -1760.7459199676925]
[513, -1743.534072960612]
[514, -1141.403122199956]
[515, -1084.5709155461473]
[516, -1084.5694788439648]
[517, -1118.125194147379]
[518, -1672.7637244512389]
[519, -1194.2914268983166]
[520, -1157.5597692187628]
[521, -1430.8595880844923]
[522, -1156.5462035835617]
[523, -1601.2316807147251]
[524, -1010.6051290461625]
[525, -1348.6226243444826]
[526, -1480.531109255267]
[527, -1235.0463920281736]
[528, -1325.0266409852686]
[529, -1614.6977912636503]
[530, -1717.958506647994]
[531, -1357.5399184068858]
[532, -1627.4983974690988]
[533, -1611.3627250862944]
[534, -1271.932480665634]
[535, -1766.2360077797578]
[536, -1265.18646710553]
[537, -1280.858712910826]
[538, -1009.3399390841918]
[539, -978.7301231150614]
[540, -1398.7767909087975]
[541, -1635.0268141515846]
[542, -1695.1852004183788]
[543, -1657.8093984412546]
[544, -1478.7741105549273]
[545, -1336.7967631399]
[546, -1248.790451906878]
[547, -1337.6619700499416]
[548, -1290.4645670951556]
[549, -1050.655921115658]
[550, -1313.217101151149]
[551, -1741.2293972243413]
[552, -1058.674586036234]
[553, -1436.09714023507]
[554, -1698.579543742677]
[555, -1565.8700393007348]
[556, -1146.9791273494588]
[557, -1718.4684318404575]
[558, -1720.5017231462216]
[559, -1155.1747224720834]
[560, -1721.1320158326862]
[561, -982.5382804737521]
[562, -1674.0948678080556]
[563, -1727.7098518252646]
[564, -1393.9507300256096]
[565, -912.8985229692236]
[566, -1064.6107334674778]
[567, -1297.3439608920753]
[568, -1717.1800278485432]
[569, -1172.0495630523512]
[570, -1754.850610872112]
[571, -1755.633377509236]
[572, -1235.2690338700486]
[573, -1419.7215909978052]
[574, -1190.8758430951818]
[575, -1638.1393401307726]
[576, -1312.8842117373836]
[577, -1740.5237588784096]
[578, -1316.6416315968022]
[579, -1513.7916021986819]
[580, -1730.3737868661913]
[581, -1752.3517991625836]
[582, -1725.0812625884462]
[583, -1690.18539342636]
[584, -1464.8817465428344]
[585, -764.6301089995295]
[586, -1390.9466967847884]
[587, -898.4839130282799]
[588, -1735.320403840582]
[589, -881.654018526024]
[590, -1726.3684603452707]
[591, -1615.2377321420813]
[592, -1027.1094106610885]
[593, -1736.2137170562232]
[594, -1415.0227351839403]
[595, -1539.0605039491593]
[596, -1162.223953544525]
[597, -1140.6870737441327]
[598, -1732.3588287251164]
[599, -1126.6304927992956]
[600, -1027.0499358847874]
[601, -1533.0169379906426]
[602, -1708.0533434757265]
[603, -1713.5683561370097]
[604, -958.8606929345528]
[605, -668.8537067062116]
[606, -1669.1361399319505]
[607, -749.418636981847]
[608, -1328.2959584213258]
[609, -1645.1895425261087]
[610, -1737.0623952064486]
[611, -1187.3959280606775]
[612, -1211.169046672805]
[613, -1697.5224874232647]
[614, -1090.620725480378]
[615, -1187.2348904293278]
[616, -1426.7224953024502]
[617, -1457.1572838950617]
[618, -1708.5974285104887]
[619, -1653.1980771394626]
[620, -1565.2007653457495]
[621, -1142.7631660942593]
[622, -1141.8446555352618]
[623, -1308.582967236538]
[624, -1718.5122260716032]
[625, -1559.7501306146607]
[626, -681.6762174760182]
[627, -1682.1966741114538]
[628, -911.74816181294]
[629, -1487.659459463153]
[630, -884.8108356566072]
[631, -1615.1665421032594]
[632, -762.492887670252]
[633, -857.1760027202585]
[634, -933.1092753324555]
[635, -1116.9230488416874]
[636, -1084.1830228655103]
[637, -1514.6019374665682]
[638, -1451.790904067384]
[639, -1705.9453069321708]
[640, -1394.2151709886855]
[641, -1551.4703174877916]
[642, -1715.0810284037877]
[643, -863.7639854745022]
[644, -1617.5290545251532]
[645, -979.1973912641096]
[646, -932.1315729439906]
[647, -869.3138986477038]
[648, -1453.7113336530533]
[649, -1074.625057264109]
[650, -1687.1114261217758]
[651, -1734.687266276387]
[652, -1697.826630220928]
[653, -982.728219989846]
[654, -867.4193568141907]
[655, -758.2829468320333]
[656, -1632.1745609268617]
[657, -1733.2353144901222]
[658, -969.7135968039627]
[659, -613.7128311217475]
[660, -1725.462815922733]
[661, -1130.6368014137631]
[662, -1730.2977687447021]
[663, -1190.7357059353176]
[664, -1651.008905728627]
[665, -858.8168592250032]
[666, -1505.924441230467]
[667, -1727.7371015599288]
[668, -1038.7478488985653]
[669, -755.0423779083665]
[670, -1631.0302209005379]
[671, -1091.258488429483]
[672, -1470.0434749262101]
[673, -1005.9569252420566]
[674, -1202.488013373969]
[675, -1162.6850178382695]
[676, -1737.223026897241]
[677, -868.5129013724394]
[678, -1066.775596979343]
[679, -1714.9878121297302]
[680, -1372.2560295155888]
[681, -773.4886475815468]
[682, -1606.822815169393]
[683, -1598.4680007477764]
[684, -1214.8685456746132]
[685, -685.6864625429241]
[686, -1191.5978651453127]
[687, -755.574902007856]
[688, -1745.7780002135266]
[689, -1591.5798021201863]
[690, -1722.667639639611]
[691, -1490.9692847772317]
[692, -850.6667956205424]
[693, -1742.1243696584795]
[694, -1665.3608353857953]
[695, -1599.7899608234961]
[696, -735.7421125515384]
[697, -792.9738760526942]
[698, -1634.2497087413794]
[699, -1686.9135064612487]
[700, -1694.6976973738945]
[701, -991.5263262344813]
[702, -1106.15293088041]
[703, -751.5124246983904]
[704, -1671.8282552223725]
[705, -876.731561308271]
[706, -1717.471382169105]
[707, -1565.4079806080606]
[708, -1723.7260864780833]
[709, -873.0885291334939]
[710, -773.4450807465993]
[711, -1581.4013588569283]
[712, -1725.2610181367615]
[713, -791.468016066308]
[714, -1528.66698658793]
[715, -1728.7289949542655]
[716, -861.8583011571014]
[717, -1567.1323960435607]
[718, -1058.180850097419]
[719, -1610.547193199789]
[720, -1282.3573527822261]
[721, -1245.294476605194]
[722, -1180.4080317883843]
[723, -772.3915508244573]
[724, -1745.6770430632287]
[725, -1588.8893342147903]
[726, -1495.7565665414754]
[727, -997.5468666332882]
[728, -1569.3698113101984]
[729, -1474.3807281918303]
[730, -1708.1603790370896]
[731, -880.2964408003457]
[732, -1397.920714627458]
[733, -981.959450246612]
[734, -877.5734200351792]
[735, -934.8707517115812]
[736, -1040.832097731997]
[737, -978.153325706421]
[738, -763.5415532911732]
[739, -968.702518063017]
[740, -983.1287693307728]
[741, -743.7206137800765]
[742, -1529.7937564439815]
[743, -1391.0030420090004]
[744, -1450.195999397016]
[745, -1439.2908415190414]
[746, -729.4526503027814]
[747, -1492.9496045124927]
[748, -1478.9399444548503]
[749, -774.3539192723338]
[750, -771.5626043889137]
[751, -889.2010923317246]
[752, -1420.6844204137653]
[753, -815.6221349371506]
[754, -777.3324518306786]
[755, -1318.6349536832543]
[756, -752.8497915663961]
[757, -763.6675502193655]
[758, -1507.3904371995798]
[759, -1668.8196318408668]
[760, -762.1172484983437]
[761, -981.9607070488826]
[762, -1069.6132974056945]
[763, -1049.8202482940114]
[764, -878.5229095666284]
[765, -749.3111745091602]
[766, -1629.4777652340097]
[767, -1346.1478422339528]
[768, -1584.9029118628675]
[769, -1682.476133301632]
[770, -1080.6227127121322]
[771, -1510.8219478880924]
[772, -1165.280475251899]
[773, -1099.6150139541448]
[774, -1579.2122445851899]
[775, -1100.6923163945548]
[776, -797.2184091064288]
[777, -927.2989609805974]
[778, -1660.639881121887]
[779, -1294.247986807504]
[780, -752.0602113279913]
[781, -1550.994441298495]
[782, -746.5916050050225]
[783, -876.9450810880605]
[784, -1549.9223630759561]
[785, -920.8479624096188]
[786, -1659.2363821711365]
[787, -752.104151609329]
[788, -1641.5275098236987]
[789, -1568.316225952331]
[790, -866.4587959351664]
[791, -882.359886868427]
[792, -1478.6816794555207]
[793, -1605.3029176523314]
[794, -1559.1888880220604]
[795, -1097.385247830481]
[796, -1468.2122522881705]
[797, -1317.556493099421]
[798, -1481.329696843686]
[799, -1367.7057971676047]
[800, -1641.0130554019665]
[801, -1430.1437796816322]
[802, -1541.369530964652]
[803, -913.2252561912595]
[804, -1646.6237261842264]
[805, -1092.5970616958489]
[806, -921.0942521668841]
[807, -1514.4996339468335]
[808, -939.0216081914989]
[809, -856.1677444320634]
[810, -1632.1699331525356]
[811, -1540.822487420111]
[812, -1595.433688528877]
[813, -1575.7106872696595]
[814, -753.4528606483159]
[815, -1053.3916499512839]
[816, -1609.5589002476586]
[817, -1213.1030243459247]
[818, -1004.4648332422934]
[819, -1025.6686331335961]
[820, -1580.9684843840873]
[821, -770.4276897458923]
[822, -877.7753690991044]
[823, -1330.0536088862016]
[824, -1315.0188156484314]
[825, -997.5646884196387]
[826, -1149.5719413698591]
[827, -1199.326292689324]
[828, -1213.3987348975004]
[829, -1679.0193429170172]
[830, -1681.1506154504852]
[831, -1126.3418108412827]
[832, -1695.7813371443601]
[833, -1447.0293694747784]
[834, -1361.4329697773967]
[835, -1031.8032844323304]
[836, -751.6380859781906]
[837, -1347.6020363511989]
[838, -1319.4299491315633]
[839, -1739.1885263833844]
[840, -1523.2651834657618]
[841, -1534.888879297842]
[842, -867.6074577197713]
[843, -1650.6949602459376]
[844, -975.8430536662268]
[845, -1423.19809981188]
[846, -754.6754731238465]
[847, -1521.6683763134763]
[848, -746.3644981301267]
[849, -872.8903061636062]
[850, -949.5630041055045]
[851, -635.6232915138036]
[852, -1664.6806630556885]
[853, -1023.8223801754948]
[854, -1598.8180978174755]
[855, -1648.4216953374616]
[856, -1116.5485786036786]
[857, -1538.2396469970886]
[858, -1552.57046177781]
[859, -874.3159132251327]
[860, -1316.2801533015368]
[861, -1172.3786871746777]
[862, -1107.8427904772816]
[863, -1188.5706106362395]
[864, -1455.4586942954757]
[865, -761.1267805085535]
[866, -643.1132708143605]
[867, -1053.9880812942197]
[868, -1714.2393816191934]
[869, -1447.3504852720928]
[870, -1487.706314312058]
[871, -1037.8314784792256]
[872, -982.7189183558726]
[873, -773.8423971999789]
[874, -1035.8202726008117]
[875, -1555.9933627300416]
[876, -972.6406174556337]
[877, -755.1651080602439]
[878, -1044.8633201789264]
[879, -862.2841375393635]
[880, -1288.0747388014595]
[881, -1606.824544848141]
[882, -1454.4694357466287]
[883, -1188.1692790795828]
[884, -1738.0694578835005]
[885, -770.7178481190718]
[886, -1632.8016791068958]
[887, -904.9270749607358]
[888, -1542.0975805020494]
[889, -1262.8961887873072]
[890, -1084.2559915508928]
[891, -1172.8179190687351]
[892, -1249.8112188088533]
[893, -1200.0355211167018]
[894, -1222.0175958770508]
[895, -1474.0150623771087]
[896, -884.7241653647473]
[897, -1557.0941898840247]
[898, -758.8541017957787]
[899, -1724.9962221662386]
[900, -1172.9864719140442]
[901, -830.1296244232464]
[902, -1457.3121831570304]
[903, -1494.1582169224791]
[904, -1544.1258621517754]
[905, -1158.1513213780952]
[906, -906.2887506410596]
[907, -757.3013576350309]
[908, -883.047889300536]
[909, -1208.250203728044]
[910, -1651.5161354846089]
[911, -1227.5984309633975]
[912, -1702.8504780536214]
[913, -919.9298310946867]
[914, -1644.0073456882844]
[915, -957.629684110019]
[916, -1635.5602023366341]
[917, -1602.5288247065084]
[918, -1180.8402904263696]
[919, -1268.8567253558963]
[920, -1429.9250793241283]
[921, -1554.2694931395476]
[922, -942.6436198006028]
[923, -1587.5662243571712]
[924, -1369.3749339401486]
[925, -1679.376560922777]
[926, -1364.7007109153521]
[927, -1140.2965220584374]
[928, -892.4682448574293]
[929, -1289.0307587202763]
[930, -784.4725560659732]
[931, -1729.5127987352566]
[932, -1172.7722250095467]
[933, -1604.7163357604366]
[934, -758.2426714488887]
[935, -1135.8289099271396]
[936, -1294.8074398055312]
[937, -1111.9822723596176]
[938, -773.424052423578]
[939, -1302.6634492417734]
[940, -1351.5041406502392]
[941, -1312.3135555876995]
[942, -1173.1897308660216]
[943, -777.9171912760095]
[944, -1554.039815149615]
[945, -869.0515058172847]
[946, -764.7698087219135]
[947, -770.8411073991174]
[948, -777.8890096982243]
[949, -802.6133834043037]
[950, -1195.427755971048]
[951, -1416.4939836091764]
[952, -1586.6054234403841]
[953, -1078.4823716032633]
[954, -1002.5957192215486]
[955, -1217.4512920799923]
[956, -1303.779913014383]
[957, -1688.893150769161]
[958, -682.4040040868105]
[959, -1510.3198342171538]
[960, -1022.1931196523932]
[961, -1058.1212727277366]
[962, -885.710196254096]
[963, -1044.6354775781228]
[964, -1634.4726997453995]
[965, -1585.8373272204326]
[966, -1251.192504086994]
[967, -758.0783027899064]
[968, -816.7156190260409]
[969, -742.0398444493055]
[970, -920.1178218104021]
[971, -772.5359129817809]
[972, -1576.1635564569806]
[973, -1621.0448423558091]
[974, -1609.4936539772737]
[975, -1565.0398664510121]
[976, -1040.7728854825807]
[977, -1270.5042878110164]
[978, -1570.64016822787]
[979, -767.4118709212771]
[980, -1051.3700824194157]
[981, -1733.3480661385843]
[982, -1616.8868279701662]
[983, -1205.20078823232]
[984, -752.1316907884631]
[985, -875.5818067140333]
[986, -823.7885187830494]
[987, -1042.6260355196207]
[988, -1283.0398101787819]
[989, -1404.3484159915397]
[990, -1077.867643711221]
[991, -1055.9291203139953]
[992, -1508.09892162184]
[993, -1141.1350155883931]
[994, -1745.937144213077]
[995, -1593.5664827879386]
[996, -1003.8390305200239]
[997, -630.8403123184717]
[998, -960.7747769131586]
[999, -874.1981645077697]
[1000, -1453.9612042609458]
[1001, -1089.4046467578976]
[1002, -1072.9866765848008]
[1003, -1189.4849244527802]
[1004, -1081.8904368480623]
[1005, -1534.0364080205823]
[1006, -1452.5949534554672]
[1007, -1005.4579447804813]
[1008, -1086.2819275933668]
[1009, -1110.9129206309383]
[1010, -1355.9947795815176]
[1011, -1746.3798093048933]
[1012, -1434.2206925523847]
[1013, -1122.4191358681544]
[1014, -880.9797968836604]
[1015, -1356.4573807941852]
[1016, -1257.5811532949142]
[1017, -1105.4726927406493]
[1018, -797.7940008217113]
[1019, -1197.065121973644]
[1020, -1227.7011054474117]
[1021, -1142.9174280224433]
[1022, -807.1534986512734]
[1023, -763.1930393805793]
[1024, -1112.8392035035488]
[1025, -1418.5102430551808]
[1026, -1019.5531800008482]
[1027, -764.1663625438687]
[1028, -1552.592089257322]
[1029, -641.8171490258626]
[1030, -1232.648624280173]
[1031, -1188.1341786959379]
[1032, -1032.5904105225911]
[1033, -1664.4224840906475]
[1034, -1720.5938074006401]
[1035, -927.7779306452803]
[1036, -762.6546955306087]
[1037, -1141.6681682371334]
[1038, -1204.8969703266093]
[1039, -974.2380626082913]
[1040, -966.6040052176508]
[1041, -1011.2429863904426]
[1042, -1229.3948856183808]
[1043, -1607.0799665858365]
[1044, -750.7548001345723]
[1045, -1663.923978706992]
[1046, -756.1366063566611]
[1047, -1180.9903752125756]
[1048, -1161.7995767623486]
[1049, -759.2765179615316]
[1050, -1492.176596589747]
[1051, -1482.1320872255305]
[1052, -827.8832369237185]
[1053, -773.1128493302602]
[1054, -1388.6401363929053]
[1055, -1608.3129052983238]
[1056, -1472.50600145601]
[1057, -1449.4139381472423]
[1058, -1467.2644748907064]
[1059, -1529.1070608266461]
[1060, -827.7413111508463]
[1061, -753.2775997353599]
[1062, -1483.2965344990757]
[1063, -1595.4176395179963]
[1064, -1563.6845323349182]
[1065, -1126.1987520129999]
[1066, -1497.9995612437103]
[1067, -777.6822689902494]
[1068, -772.1252782329889]
[1069, -681.3202932051192]
[1070, -636.3854488526076]
[1071, -674.1909123508399]
[1072, -632.3321753600595]
[1073, -1220.8630876845066]
[1074, -754.3673501142141]
[1075, -855.4778647390899]
[1076, -1595.9344354283696]
[1077, -1410.0081854424877]
[1078, -1521.5403119387747]
[1079, -1567.114785518516]
[1080, -769.195347815952]
[1081, -640.8057172237669]
[1082, -1207.8261020294915]
[1083, -632.9942392861004]
[1084, -1231.0422579854285]
[1085, -1571.526541263305]
[1086, -682.6708712261237]
[1087, -1469.7693577393813]
[1088, -874.9189533111713]
[1089, -1558.629199041164]
[1090, -1168.8812634042201]
[1091, -1530.3575316909648]
[1092, -1142.481976970793]
[1093, -817.425584359071]
[1094, -739.5887249975851]
[1095, -1037.702253429974]
[1096, -916.1102285248239]
[1097, -983.1322876725837]
[1098, -1538.5971515138276]
[1099, -1525.125184958346]
[1100, -1683.5950633395712]
[1101, -635.4875111678995]
[1102, -771.3402599284747]
[1103, -1024.1638940605567]
[1104, -1382.7653493472237]
[1105, -1700.2930800746215]
[1106, -1189.9361172746096]
[1107, -1447.2383866992227]
[1108, -912.4066436597768]
[1109, -759.0399045710141]
[1110, -1003.3535481797697]
[1111, -1191.6300245284986]
[1112, -754.3130935209841]
[1113, -1069.341879279305]
[1114, -874.0700451819105]
[1115, -755.6823827155299]
[1116, -1487.0163526886433]
[1117, -1320.6102343186697]
[1118, -1524.1289420388448]
[1119, -1671.1437453145732]
[1120, -707.5570350620582]
[1121, -1206.161499742695]
[1122, -1044.946005752287]
[1123, -1157.6133957893276]
[1124, -884.5503639004731]
[1125, -1489.3998311569114]
[1126, -1626.850347452525]
[1127, -1194.6169512056852]
[1128, -1490.17120400462]
[1129, -1117.2662009394483]
[1130, -643.0530089565524]
[1131, -1021.771996855693]
[1132, -861.0707979493596]
[1133, -1061.8986096059514]
[1134, -1668.8142206945724]
[1135, -1094.5001872630883]
[1136, -1206.8128998479456]
[1137, -764.8691768153706]
[1138, -1724.9750257675053]
[1139, -909.7277887844699]
[1140, -1542.7259112162767]
[1141, -1197.998388568399]
[1142, -734.2008997130433]
[1143, -860.3458309125568]
[1144, -682.0319610615468]
[1145, -1754.188315819935]
[1146, -1338.2000887529828]
[1147, -875.1625718676142]
[1148, -899.0696794585368]
[1149, -634.2040336684088]
[1150, -1004.1704292108758]
[1151, -1004.8824155245956]
[1152, -759.2330878536869]
[1153, -1457.158514080665]
[1154, -1564.0873494947843]
[1155, -768.2108916752438]
[1156, -1688.5373456411385]
[1157, -1217.568143180438]
[1158, -1011.4290773757542]
[1159, -770.9617374555256]
[1160, -718.2459295784495]
[1161, -1660.4190910635014]
[1162, -1190.4566011884485]
[1163, -636.0573916437088]
[1164, -1441.8055648507225]
[1165, -888.1033540944605]
[1166, -1272.1850887433206]
[1167, -770.3615255176455]
[1168, -1106.093720496194]
[1169, -634.2054995264027]
[1170, -1243.559583345064]
[1171, -645.9267104773584]
[1172, -1306.8086834772716]
[1173, -1390.1327202251323]
[1174, -1166.0629785418075]
[1175, -908.4433161655581]
[1176, -756.0077011650435]
[1177, -1222.2018779200812]
[1178, -1470.7292324660102]
[1179, -1295.4499840536712]
[1180, -1428.4234989797867]
[1181, -758.3263034789302]
[1182, -1730.2015812571385]
[1183, -769.0982240262931]
[1184, -1243.7265281882974]
[1185, -890.362813951467]
[1186, -755.2886172962811]
[1187, -1255.3290037007584]
[1188, -730.7225586562447]
[1189, -768.294842036749]
[1190, -1229.653842818127]
[1191, -760.6655983800744]
[1192, -681.536534945776]
[1193, -1190.9539932877171]
[1194, -682.6920892424642]
[1195, -771.236027614706]
[1196, -1210.542120212463]
[1197, -799.7314151657084]
[1198, -1479.5688166842142]
[1199, -700.1118626322608]
[1200, -634.556298617549]
[1201, -1146.6655123661888]
[1202, -1266.4617031951298]
[1203, -1487.7500714413272]
[1204, -758.3702830811782]
[1205, -1322.8068078580209]
[1206, -1493.4047533709347]
[1207, -776.1396845720349]
[1208, -1156.2705932664464]
[1209, -1251.670309417222]
[1210, -1553.2554774902221]
[1211, -1567.2888790956601]
[1212, -775.2031149634159]
[1213, -1043.8159355610671]
[1214, -874.3429541662435]
[1215, -1174.6395026955465]
[1216, -756.377953170534]
[1217, -1291.188304480326]
[1218, -778.6195647209928]
[1219, -784.9381991554413]
[1220, -1456.96058261912]
[1221, -633.5658315598394]
[1222, -1048.0506286519983]
[1223, -887.1540100982565]
[1224, -639.5982618472501]
[1225, -1224.643957595491]
[1226, -768.1179311845608]
[1227, -851.6987393403482]
[1228, -1720.144241508991]
[1229, -634.3674336587593]
[1230, -1745.2544719593027]
[1231, -1276.1213761835206]
[1232, -1289.929477697821]
[1233, -908.8309924139675]
[1234, -1277.0916737456148]
[1235, -1491.9319346580992]
[1236, -634.0479005100128]
[1237, -1195.311004638645]
[1238, -1519.5295285640307]
[1239, -1729.7654073135463]
[1240, -1425.042121109766]
[1241, -689.7364640045466]
[1242, -691.272498386405]
[1243, -1025.0624138031]
[1244, -767.4976734043703]
[1245, -763.1893727891526]
[1246, -1538.7338762962381]
[1247, -1633.863695183225]
[1248, -770.3198574308062]
[1249, -983.0312371256799]
[1250, -1039.1337530874844]
[1251, -912.3917355126996]
[1252, -1707.1575691562273]
[1253, -1730.231076874402]
[1254, -1541.0564880827467]
[1255, -1556.9228743590227]
[1256, -1564.4998947424942]
[1257, -634.2598213911723]
[1258, -634.9084418782842]
[1259, -727.1934788660899]
[1260, -633.5020067660507]
[1261, -1015.5733073094333]
[1262, -757.936352342441]
[1263, -651.0752014414355]
[1264, -759.7484071486878]
[1265, -1048.9459363507356]
[1266, -643.8277608598025]
[1267, -858.4235162689384]
[1268, -1117.5613947285754]
[1269, -754.253261138175]
[1270, -767.8947661677463]
[1271, -717.7818257990735]
[1272, -1253.3673974213973]
[1273, -1258.6660906463103]
[1274, -721.2580966705642]
[1275, -1249.4640358144966]
[1276, -631.4818679253636]
[1277, -1001.9972373720065]
[1278, -1231.4603048791184]
[1279, -949.2418033097174]
[1280, -637.3867301668124]
[1281, -767.9174536517986]
[1282, -636.9868752308229]
[1283, -636.2417962836352]
[1284, -1005.1394861181858]
[1285, -1739.073049601692]
[1286, -1580.9476906397686]
[1287, -1710.6889592221232]
[1288, -1687.5753805122915]
[1289, -624.7102987457188]
[1290, -638.4265032645084]
[1291, -1183.8104921226143]
[1292, -847.8469661835431]
[1293, -936.4699458520628]
[1294, -636.5564692859198]
[1295, -632.6893731463947]
[1296, -1624.5127337576052]
[1297, -1623.0191499533105]
[1298, -1064.4973996093945]
[1299, -644.1649966326046]
[1300, -1107.4315754129811]
[1301, -1581.4196959688659]
[1302, -687.8646140182427]
[1303, -1481.9432278799347]
[1304, -1521.6127474223413]
[1305, -629.9277389391531]
[1306, -1417.5292561608835]
[1307, -1517.2227111063085]
[1308, -1076.500274180446]
[1309, -1736.6052297959618]
[1310, -794.4150628670426]
[1311, -1693.8328652638747]
[1312, -1581.563367835293]
[1313, -758.8286220124943]
[1314, -1464.2359826222591]
[1315, -640.666904074576]
[1316, -770.0236355167701]
[1317, -1145.7310858290527]
[1318, -1438.9067399950754]
[1319, -1052.6193525545855]
[1320, -1052.7710302098728]
[1321, -1051.3559179207318]
[1322, -635.5651670800074]
[1323, -885.5983867143983]
[1324, -635.8794372148446]
[1325, -1514.4187368361017]
[1326, -656.0069105609964]
[1327, -690.7408146730834]
[1328, -1071.8586482924236]
[1329, -1730.2483770818633]
[1330, -632.7657507597758]
[1331, -633.7099218843168]
[1332, -1745.3290060246109]
[1333, -1189.5473995113803]
[1334, -1580.2581976961872]
[1335, -1686.3113398863813]
[1336, -1373.554894045004]
[1337, -1088.338436570199]
[1338, -1136.30657384844]
[1339, -1013.4755271151914]
[1340, -752.5577778661128]
[1341, -1022.5769708058127]
[1342, -889.0152751736]
[1343, -632.0888752257056]
[1344, -1569.2215724113305]
[1345, -1153.8432619783562]
[1346, -1149.3783885139878]
[1347, -1523.0856197115345]
[1348, -1546.5501585509373]
[1349, -1583.3662373085094]
[1350, -885.7689967817317]
[1351, -637.1671591634084]
[1352, -635.5556266049897]
[1353, -1456.7228267732928]
[1354, -1325.0446369921856]
[1355, -595.5546000106295]
[1356, -1437.6945641601524]
[1357, -637.7845892284238]
[1358, -1215.6717865361795]
[1359, -721.125335028251]
[1360, -1567.6558336571195]
[1361, -888.1452255357678]
[1362, -1699.9582664721195]
[1363, -1323.67195409986]
[1364, -1055.7585874402716]
[1365, -715.3902049075024]
[1366, -1224.7502150635535]
[1367, -885.3339435052337]
[1368, -1042.8143194469426]
[1369, -1646.6767737691491]
[1370, -1612.461072985616]
[1371, -1190.498334462637]
[1372, -1193.918555473691]
[1373, -635.704417874112]
[1374, -723.9831868025987]
[1375, -638.0540865061845]
[1376, -624.2576578689741]
[1377, -868.0785085355699]
[1378, -656.8445989797203]
[1379, -1319.2049284774496]
[1380, -1583.2239827765077]
[1381, -876.0963728496732]
[1382, -1730.2936997018928]
[1383, -1743.4343817679971]
[1384, -753.3538422529883]
[1385, -1170.4682100351947]
[1386, -884.3837617979783]
[1387, -1164.9244305123057]
[1388, -878.9936042711395]
[1389, -679.3426180203514]
[1390, -632.8026006844805]
[1391, -1098.0876264645742]
[1392, -1209.80841325479]
[1393, -1190.5035419722321]
[1394, -692.2932734659872]
[1395, -633.025441963955]
[1396, -1548.8222004208017]
[1397, -633.9181434983221]
[1398, -862.9689114878297]
[1399, -1171.2876555509247]
[1400, -759.2805700979204]
[1401, -755.2763474204199]
[1402, -1224.3148030429693]
[1403, -1269.077337998995]
[1404, -1094.1776421399384]
[1405, -1722.3053236247301]
[1406, -1715.2137763580263]
[1407, -1199.8608654656966]
[1408, -634.1085718687484]
[1409, -1640.634578453669]
[1410, -1163.097859688577]
[1411, -628.2504271382544]
[1412, -568.820498223833]
[1413, -743.5420315789409]
[1414, -1636.9453573512906]
[1415, -631.2273273339341]
[1416, -873.1972826182714]
[1417, -1156.4609011275718]
[1418, -905.6396591994269]
[1419, -767.9899819657218]
[1420, -883.6633993024784]
[1421, -1448.4692326703982]
[1422, -930.3784631168567]
[1423, -1396.3634827074734]
[1424, -1025.2786057239175]
[1425, -574.2972457049971]
[1426, -1522.3700251634057]
[1427, -1012.3023477964671]
[1428, -1235.6299069722966]
[1429, -997.7282485307819]
[1430, -636.6324367586682]
[1431, -1066.8985570706611]
[1432, -631.4603201034498]
[1433, -639.1514350781769]
[1434, -1595.9899087938961]
[1435, -974.4780462812749]
[1436, -805.1808807050295]
[1437, -1511.6540591400458]
[1438, -994.7851398148763]
[1439, -751.1898566603551]
[1440, -1440.927515577037]
[1441, -1392.6906013029218]
[1442, -554.3069396961262]
[1443, -746.2939815830821]
[1444, -1594.1378636945183]
[1445, -1228.0230064817492]
[1446, -633.2738502805563]
[1447, -751.9546977490014]
[1448, -1435.5535330114053]
[1449, -1661.7922368864538]
[1450, -629.6918975638913]
[1451, -1395.7424586169425]
[1452, -1512.0109670419383]
[1453, -633.9201634931387]
[1454, -778.0579334841622]
[1455, -952.8571728455776]
[1456, -1399.4896583626848]
[1457, -631.7392861151264]
[1458, -1175.3556269976216]
[1459, -1028.1618082870777]
[1460, -1595.4338924321476]
[1461, -632.3755331229592]
[1462, -1124.6889265218906]
[1463, -1174.6100002313253]
[1464, -1741.240313358792]
[1465, -625.5412042641262]
[1466, -1724.8830180552477]
[1467, -629.1451761770551]
[1468, -633.1686177962479]
[1469, -758.7883969393432]
[1470, -632.7521521608996]
[1471, -1221.443297229081]
[1472, -635.4099206047025]
[1473, -1214.6834908656056]
[1474, -552.9913077416358]
[1475, -595.2223740484324]
[1476, -1143.5050113226264]
[1477, -629.7435488111279]
[1478, -1618.7446375106113]
[1479, -1219.3224473930115]
[1480, -635.2686726440994]
[1481, -759.1973361564476]
[1482, -633.6932451538136]
[1483, -1177.6401229069268]
[1484, -675.7312209814369]
[1485, -749.7221925293649]
[1486, -1065.8863982700184]
[1487, -1731.5030364435142]
[1488, -1453.6824049789586]
[1489, -628.854541063883]
[1490, -1155.9289189088843]
[1491, -1630.7679891817227]
[1492, -1675.0015004095255]
[1493, -947.1411889070256]
[1494, -1642.2365729146816]
[1495, -633.4115454888816]
[1496, -634.6003224268546]
[1497, -1282.812686132]
[1498, -630.0336456238043]
[1499, -1594.0781537328949]
[1500, -516.1688634665276]
[1501, -1201.6780687324178]
[1502, -1421.596031267142]
[1503, -632.215942760548]
[1504, -1688.8958085401916]
[1505, -1160.1077856142795]
[1506, -1100.9377773714905]
[1507, -633.5880058155101]
[1508, -779.1959721937055]
[1509, -559.2275785941597]
[1510, -1692.2537931063987]
[1511, -1684.7019929962016]
[1512, -631.6916122293602]
[1513, -636.7097839592908]
[1514, -634.1193900963832]
[1515, -741.401234953088]
[1516, -1647.422670958693]
[1517, -1170.4225537295727]
[1518, -1219.8470286883062]
[1519, -1207.9019518280575]
[1520, -637.0088704210574]
[1521, -745.3062539728961]
[1522, -1050.6652929580246]
[1523, -1375.0264940948293]
[1524, -713.294783345024]
[1525, -744.9918828801736]
[1526, -883.7476482467271]
[1527, -632.1422912467578]
[1528, -1591.3090211037988]
[1529, -628.9495268803815]
[1530, -1645.654892036687]
[1531, -1661.3270694135329]
[1532, -592.3503196194303]
[1533, -631.9521638885374]
[1534, -627.8996001419465]
[1535, -632.7352630843262]
[1536, -1431.9488552720525]
[1537, -1294.6352905975266]
[1538, -1706.0177720658264]
[1539, -628.8801378085384]
[1540, -575.4851036088647]
[1541, -617.0517691638403]
[1542, -632.5465019675592]
[1543, -510.8265740968403]
[1544, -782.5245471894701]
[1545, -629.6932197253735]
[1546, -629.236836707479]
[1547, -1633.2211266837107]
[1548, -1683.1518871098551]
[1549, -613.3188452108436]
[1550, -1190.8309242651872]
[1551, -751.49070712172]
[1552, -751.9709524975624]
[1553, -595.0183988888693]
[1554, -1069.860687725759]
[1555, -1080.9775991929662]
[1556, -1669.4532539559266]
[1557, -1692.2953857896307]
[1558, -761.3020833678528]
[1559, -1146.1816433826668]
[1560, -1041.5256651318714]
[1561, -1729.1145987863001]
[1562, -1197.0536508089378]
[1563, -1745.9066076649463]
[1564, -1202.761504815408]
[1565, -1511.9853489027876]
[1566, -525.1332517068385]
[1567, -1019.7205952042933]
[1568, -861.2513493611078]
[1569, -1157.8416187561627]
[1570, -625.116040639611]
[1571, -628.3878877912183]
[1572, -1676.8557905789128]
[1573, -1271.5995376903777]
[1574, -1736.270311045674]
[1575, -599.8996616018964]
[1576, -1657.5368171696998]
[1577, -631.5203459204951]
[1578, -563.9269793752895]
[1579, -630.8064982619892]
[1580, -733.5560308772774]
[1581, -1719.9263920784138]
[1582, -517.9999452668534]
[1583, -1725.0348261254135]
[1584, -1050.9416205769523]
[1585, -1565.3014604052526]
[1586, -629.9843212989207]
[1587, -628.7265529545405]
[1588, -874.046891522472]
[1589, -1561.5152979550169]
[1590, -542.5993224157811]
[1591, -996.3992864844835]
[1592, -613.8695845869848]
[1593, -1315.5354896788533]
[1594, -1710.031469353737]
[1595, -659.143302052113]
[1596, -614.8903709863994]
[1597, -1225.2553681637783]
[1598, -633.5385128326208]
[1599, -627.3120494458342]
[1600, -618.875409847986]
[1601, -633.2316226326869]
[1602, -1738.109576005976]
[1603, -997.1180101553166]
[1604, -631.1229225317375]
[1605, -1205.9152456178035]
[1606, -1418.3442249685854]
[1607, -733.5927162027058]
[1608, -1156.930100627832]
[1609, -1054.253419430245]
[1610, -1241.0039471375899]
[1611, -1535.9559756404326]
[1612, -642.6052722525262]
[1613, -889.142078188898]
[1614, -1633.4136153957745]
[1615, -627.9222621021152]
[1616, -1622.7636743572782]
[1617, -869.9355721734158]
[1618, -626.153624740033]
[1619, -627.1740954360815]
[1620, -626.2568455231483]
[1621, -1239.375337701633]
[1622, -627.0424632176072]
[1623, -591.067663383103]
[1624, -659.541105045441]
[1625, -1608.201696881805]
[1626, -624.3770398290027]
[1627, -1422.226173604086]
[1628, -521.843200347971]
[1629, -631.4371030820074]
[1630, -529.3613978481965]
[1631, -628.383379077872]
[1632, -1721.6105118121777]
[1633, -1117.8871704534527]
[1634, -506.593323121457]
[1635, -1725.9980925145471]
[1636, -517.937532516489]
[1637, -545.9601121766262]
[1638, -624.0724283317628]
[1639, -1047.9274663911615]
[1640, -1219.4521579314273]
[1641, -1071.118558543126]
[1642, -1205.1104366082884]
[1643, -532.4552356930661]
[1644, -1243.5345326522886]
[1645, -629.6813979927153]
[1646, -1034.954749764363]
[1647, -1027.4364623620022]
[1648, -565.051862868492]
[1649, -747.2161725783931]
[1650, -910.7852498252805]
[1651, -636.637054368399]
[1652, -507.75151898888873]
[1653, -820.826295216322]
[1654, -796.281906970891]
[1655, -1155.0507373401115]
[1656, -609.0330664408066]
[1657, -586.7027252027419]
[1658, -630.6392868535829]
[1659, -1178.2190650205964]
[1660, -509.0390260040485]
[1661, -1622.3828241544263]
[1662, -1593.9217195499984]
[1663, -636.4766885025864]
[1664, -980.8545835151123]
[1665, -1031.677195480848]
[1666, -1631.300260424794]
[1667, -1359.582445084924]
[1668, -1183.1921660523544]
[1669, -1088.684767079619]
[1670, -508.6060574645488]
[1671, -970.3824767029806]
[1672, -1252.5063504382836]
[1673, -630.535545804321]
[1674, -1185.1052208261042]
[1675, -508.28819610550113]
[1676, -633.3590895677199]
[1677, -1746.2667538316862]
[1678, -633.2111072342888]
[1679, -508.6171097386634]
[1680, -509.72587345563903]
[1681, -1739.9174765255477]
[1682, -1706.7244726429149]
[1683, -510.25111203245797]
[1684, -871.5151073333251]
[1685, -871.5891246498114]
[1686, -714.1538928584964]
[1687, -616.8030157886383]
[1688, -507.4412254457136]
[1689, -1673.8634290727996]
[1690, -1730.2636084306196]
[1691, -1218.1134150276962]
[1692, -747.2497566581156]
[1693, -886.068841091047]
[1694, -628.9645333519514]
[1695, -631.7680728615404]
[1696, -1057.6327570316769]
[1697, -1674.3485774972792]
[1698, -631.3170879510341]
[1699, -1496.2419820286732]
[1700, -1219.7278802702956]
[1701, -631.3325171061715]
[1702, -1092.6836772799293]
[1703, -978.794299111501]
[1704, -607.2356126094686]
[1705, -508.30938082873433]
[1706, -507.1723782383179]
[1707, -705.2504731545033]
[1708, -509.15720770568385]
[1709, -745.8052047621836]
[1710, -514.4405720456946]
[1711, -1622.0961518808044]
[1712, -751.3539663750578]
[1713, -633.4767660551747]
[1714, -515.4355683462397]
[1715, -645.202748365698]
[1716, -1637.425289499755]
[1717, -507.6140229846023]
[1718, -1204.665272781471]
[1719, -752.7229794947534]
[1720, -507.43071384068804]
[1721, -516.5270074941908]
[1722, -518.4495224634536]
[1723, -1198.8860250268342]
[1724, -1727.7278568043212]
[1725, -1135.6287857241052]
[1726, -756.8531122500729]
[1727, -602.1652471022991]
[1728, -1169.426881683276]
[1729, -1034.6359722490593]
[1730, -1064.2521561806325]
[1731, -715.149062947639]
[1732, -1149.7989523171482]
[1733, -1708.3561069572943]
[1734, -506.84472882220456]
[1735, -1055.4295859632907]
[1736, -508.56220470103636]
[1737, -1201.9069621065091]
[1738, -541.587897483488]
[1739, -629.4883427038296]
[1740, -1022.9130656036061]
[1741, -646.2080157372263]
[1742, -862.3205134136748]
[1743, -509.87321863794]
[1744, -1183.5216672736299]
[1745, -655.9401590710486]
[1746, -1097.5048479158963]
[1747, -900.385256168652]
[1748, -770.7240871184147]
[1749, -921.8944078669832]
[1750, -507.93876791446667]
[1751, -506.5589528077229]
[1752, -581.4736907496821]
[1753, -1025.626566969645]
[1754, -909.1766440511824]
[1755, -981.461710798699]
[1756, -1701.0109429266668]
[1757, -906.6533188325875]
[1758, -576.3827217420845]
[1759, -531.2444466222082]
[1760, -526.052498142328]
[1761, -525.8283604266935]
[1762, -1555.1194276506983]
[1763, -629.4761510305741]
[1764, -508.23922455611466]
[1765, -617.162139926014]
[1766, -1125.052357858019]
[1767, -750.8409657590653]
[1768, -507.7808808295944]
[1769, -924.2768092848792]
[1770, -768.0444655539366]
[1771, -1183.033240867718]
[1772, -1062.9417397515554]
[1773, -769.7456311035407]
[1774, -504.6872265019263]
[1775, -1198.4510913964168]
[1776, -1081.0042049169012]
[1777, -1034.8740419282426]
[1778, -649.0020840403992]
[1779, -512.0105344571699]
[1780, -1173.1381013417765]
[1781, -950.2085403147179]
[1782, -615.4909701324289]
[1783, -1171.6427133387392]
[1784, -1718.1060802066636]
[1785, -748.6857397517565]
[1786, -507.4458294896374]
[1787, -1730.1559898592418]
[1788, -632.0250891034036]
[1789, -1074.3799635174066]
[1790, -1704.5358332641874]
[1791, -626.5100257085471]
[1792, -504.65539814217783]
[1793, -1374.5814576819587]
[1794, -1719.3636565285385]
[1795, -974.9005037977199]
[1796, -629.6415119934502]
[1797, -1089.3704134861066]
[1798, -1709.3592116341365]
[1799, -620.2906951114086]
[1800, -756.7078836682681]
[1801, -1710.8491398504066]
[1802, -1063.676275699277]
[1803, -1038.1867525947578]
[1804, -509.09310785223096]
[1805, -896.7913285158771]
[1806, -1164.5305881649547]
[1807, -506.24317800236963]
[1808, -507.9177995745144]
[1809, -1014.5251951912381]
[1810, -1072.2585348164666]
[1811, -507.7954142519801]
[1812, -762.2792946916721]
[1813, -506.4030369227442]
[1814, -1144.359680400324]
[1815, -506.9061845785712]
[1816, -1085.1194736402658]
[1817, -1074.89663741017]
[1818, -533.2578120007925]
[1819, -508.3482168868666]
[1820, -508.48637926379996]
[1821, -1377.009640454446]
[1822, -385.4091151038141]
[1823, -1028.141321119297]
[1824, -1704.3266768979793]
[1825, -1382.538666874238]
[1826, -630.5640080721691]
[1827, -506.918765590567]
[1828, -1218.064678355071]
[1829, -757.148458776542]
[1830, -1255.7198151472248]
[1831, -1098.341568287696]
[1832, -640.0823088713408]
[1833, -596.3362038349748]
[1834, -1739.7634318760847]
[1835, -504.3873871525463]
[1836, -1176.9355970577196]
[1837, -507.7031765849693]
[1838, -1714.8199371151377]
[1839, -508.46616028302356]
[1840, -525.1191300682005]
[1841, -1191.8121165445343]
[1842, -1313.5920751549208]
[1843, -491.9814774607715]
[1844, -480.5200503707776]
[1845, -505.8662499852252]
[1846, -1701.3280726486485]
[1847, -506.9940031283306]
[1848, -507.98430710306343]
[1849, -518.3508188237943]
[1850, -631.7242825662943]
[1851, -748.7923577352084]
[1852, -512.5612758257824]
[1853, -879.5249305854953]
[1854, -629.6270763517341]
[1855, -1195.69530856972]
[1856, -506.472194603417]
[1857, -802.6093347893358]
[1858, -1162.5166128733094]
[1859, -1037.0503560850143]
[1860, -581.9822438475007]
[1861, -625.857086357187]
[1862, -752.4153499389479]
[1863, -1184.2449788314784]
[1864, -560.1251450478244]
[1865, -1061.402502026099]
[1866, -770.6002317711943]
[1867, -1643.0464824581572]
[1868, -1189.8943583019136]
[1869, -508.0838820414267]
[1870, -516.5241377737332]
[1871, -511.51447045444473]
[1872, -628.5431428056476]
[1873, -503.0695763404982]
[1874, -1050.2289954568912]
[1875, -508.73722071830963]
[1876, -383.511122215]
[1877, -382.9938621638112]
[1878, -571.4224362585836]
[1879, -631.8205262961782]
[1880, -507.7882767731111]
[1881, -922.2211054535919]
[1882, -1557.1153386548078]
[1883, -488.57787468414034]
[1884, -1051.181270926522]
[1885, -755.6998539980262]
[1886, -914.9165537751884]
[1887, -624.6218998008844]
[1888, -624.5341470258088]
[1889, -1035.4704358244223]
[1890, -1063.3033606330375]
[1891, -578.7390036127331]
[1892, -1060.9315618017222]
[1893, -1162.994281895646]
[1894, -630.1020016816749]
[1895, -381.0653409475165]
[1896, -506.59090344370196]
[1897, -499.096785805546]
[1898, -835.7732527065461]
[1899, -413.52253850325474]
[1900, -489.006666216128]
[1901, -1660.3845003477586]
[1902, -493.7213375721499]
[1903, -922.990357931854]
[1904, -920.7426857509428]
[1905, -1025.725539066135]
[1906, -504.44148415407375]
[1907, -623.1969733000363]
[1908, -1639.832048600951]
[1909, -1075.6889788711158]
[1910, -1416.2256303072083]
[1911, -890.6978265182365]
[1912, -765.1287157163401]
[1913, -768.0678055188262]
[1914, -382.29557279988757]
[1915, -382.9427578113483]
[1916, -258.2410627738142]
[1917, -1195.5409329240401]
[1918, -758.4276617398282]
[1919, -380.3785862088175]
[1920, -1153.0683999208693]
[1921, -605.6481852156297]
[1922, -455.2701392397226]
[1923, -1126.1962595605316]
[1924, -1176.9480163339244]
[1925, -630.2009571100954]
[1926, -1177.6386204974444]
[1927, -1082.3731009848173]
[1928, -628.1860188128834]
[1929, -381.47805873399983]
[1930, -382.35492175918745]
[1931, -382.6167680894729]
[1932, -381.7101751709117]
[1933, -511.3453433647131]
[1934, -502.99917360998586]
[1935, -503.8867397073571]
[1936, -761.4681753826884]
[1937, -381.003986652009]
[1938, -1737.4026163290234]
[1939, -256.2097192368161]
[1940, -625.5396970779725]
[1941, -906.8900781819436]
[1942, -500.67004483477217]
[1943, -769.1096428905174]
[1944, -365.1691507046847]
[1945, -946.1501777146403]
[1946, -953.7060153405783]
[1947, -415.41167778642784]
[1948, -384.04935852531156]
[1949, -381.3206660508015]
[1950, -1103.2987457329798]
[1951, -380.27708051021636]
[1952, -381.14469649782825]
[1953, -1171.6110107095988]
[1954, -499.34306695105386]
[1955, -505.4092070146017]
[1956, -1708.277904502924]
[1957, -1712.704114244324]
[1958, -355.84940704449144]
[1959, -501.61723323785026]
[1960, -631.9623599964007]
[1961, -928.4108200153903]
[1962, -377.20474724020124]
[1963, -382.00902635309467]
[1964, -1200.8626712005291]
[1965, -1015.669901254227]
[1966, -257.09769089504834]
[1967, -609.1235613162066]
[1968, -1029.701083406522]
[1969, -504.6928287092301]
[1970, -623.3721915757629]
[1971, -1041.1361581541719]
[1972, -900.5790584619992]
[1973, -1048.6187793455824]
[1974, -501.634003854919]
[1975, -378.08095212428304]
[1976, -934.3112713535472]
[1977, -632.4396231385927]
[1978, -503.00368488819515]
[1979, -376.41373879033983]
[1980, -1017.2591425621606]
[1981, -498.5541582878079]
[1982, -1055.4104437671554]
[1983, -932.6135076056568]
[1984, -1731.5371335260322]
[1985, -925.7075557594299]
[1986, -381.1056815382047]
[1987, -625.5848036823985]
[1988, -622.7115237773035]
[1989, -252.84831563522286]
[1990, -380.6108845385292]
[1991, -1117.214662969183]
[1992, -379.5473377303739]
[1993, -255.88850662981378]
[1994, -380.1658493594854]
[1995, -1720.9195608659568]
[1996, -718.4232356080261]
[1997, -256.235018271859]
[1998, -381.5070606824558]
[1999, -1030.9121193633596]
